                                        
                 [0;1;30;90;47mX;..;S[0m                 
            [0;1;30;90;47m:[0;37;5;47;107m8SSS8[0;1;37;97;47m8888[0;37;5;47;107m8SSS@[0;1;37;97;47m [0m            
         [0;1;30;90;47m@[0;1;37;97;47m888t[0;1;30;90;47m.[0;1;37;97;47m :S@XS%S. [0;1;30;90;47m.[0;1;37;97;47m;888[0;1;30;90;47mS[0m         
       [0;37;5;40;100mS[0;1;37;97;47mt%;[0;1;30;90;47m:[0;1;37;97;47m:[0;37;5;47;107m8;:::;[0;1;37;97;47mS[0;37;5;47;107m8[0;1;37;97;47m@[0;37;5;47;107m;;t%[0;1;37;97;47m8:[0;1;30;90;47m:[0;1;37;97;47m:%t[0;1;30;90;47m8[0m       
      [0;1;30;90;47m.[0;1;37;97;47m..[0;1;30;90;47mt[0;1;37;97;47m%[0;37;5;47;107m%;;;;;;:;;;tttt%SX[0;1;37;97;47m;[0;1;30;90;47m%[0;1;37;97;47m. .[0m      
     [0;1;37;97;47m%t.[0;1;30;90;47mt[0;37;5;47;107mXtt;t;;;;;;;;;tt%%SX@8[0;1;30;90;47mt.[0;1;37;97;47m%%[0m     
    [0;1;37;97;47m@8t[0;1;30;90;47m:[0;37;5;47;107mS%%tt;;;;:;;;;;;tt%%888[0;1;37;97;47m8[0;1;30;90;47m.[0;1;37;97;47m.88[0m    
   [0;1;37;97;47m%[0;37;5;47;107m@[0;1;37;97;47m8[0;1;30;90;47mS[0;37;5;47;107m@X%%ttX;::;:::::;;;[0;1;37;97;47m8@[0;37;5;47;107m@X88[0;1;37;97;47m@[0;1;30;90;47m%[0;1;37;97;47mS[0;37;5;47;107m@8[0m   
   [0;37;5;47;107mtt[0;1;30;90;47mS[0;1;37;97;47mX[0;37;5;47;107m@SS%t;t[0;1;37;97;47m8[0;37;5;47;107m8::::::::[0;1;37;97;47m@;[0;37;5;47;107mSt%S@8[0;1;37;97;47m@t[0;1;30;90;47mS[0;37;5;47;107mt%[0m   
  [0;1;30;90;47mS[0;37;5;47;107m:@[0;1;30;90;47mS[0;1;37;97;47m8[0;37;5;47;107m@X%t;;::S[0;1;37;97;47m%@[0;37;5;47;107m:.::[0;1;37;97;47m@ [0;37;5;47;107m8:;;t%X8[0;1;37;97;47m8%[0;1;30;90;47mX[0;37;5;47;107m@:[0;1;37;97;47m;[0m  
  [0;1;30;90;47mt[0;1;37;97;47m@;[0;1;30;90;47m:[0;1;37;97;47m;[0;37;5;47;107m8X%t;:::::X[0;1;30;90;47m.:[0;1;37;97;47m8[0;1;30;90;47mt[0;1;37;97;47m8[0;37;5;47;107m.:::;;tX8[0;1;37;97;47m%[0;1;30;90;47mS8[0;1;37;97;47m:@t[0m  
  [0;37;5;40;100m8[0;1;30;90;47mSt:[0;1;37;97;47m.[0;37;5;47;107m8X%t;:::...%[0;1;30;90;47m@8[0;37;5;47;107m8...:;t%X8[0;1;37;97;47m8%[0;1;30;90;47mS@;XS[0m  
  [0;33;5;40;100m.[0;35;5;40;100mt[0;33;5;40;100m [0;1;30;90;47m;[0;1;37;97;47mS8[0;37;5;47;107m@%t;::::::::S[0;1;37;97;47m%[0;37;5;47;107m;tt%%%SX8[0;1;37;97;47m8%[0;1;30;90;47m:@[0;37;5;40;100m8[0;33;5;40;100mt[0;35;5;40;100m:[0m  
   [0;1;30;90;47m@;St[0;1;37;97;47m:@[0;37;5;47;107m8@S%%%ttttttX[0;1;37;97;47mS[0;37;5;47;107mtt%%%SX8[0;1;37;97;47m@;[0;1;30;90;47mtSS@[0;35;5;40;100m.[0m  
   [0;1;37;97;47m.tt[0;1;30;90;47m@:[0;1;37;97;47mt8[0;37;5;47;107m8XS%%%tt;;;;88St%%S@[0;1;37;97;47m8S[0;1;30;90;47m X[0;1;37;97;47m:tt[0m   
    [0;1;37;97;47mSS;[0;1;30;90;47mX.[0;1;37;97;47m%8[0;37;5;47;107m@XS%%tttt;t%88X%S@8[0;1;37;97;47mX.[0;1;30;90;47mS[0;1;37;97;47m XX[0m    
     [0;1;37;97;47m@@t[0;1;30;90;47mS.[0;1;37;97;47m%@[0;37;5;47;107m8XS%%%tttt%S[0;1;37;97;47mS[0;37;5;47;107m8@@[0;1;37;97;47m8S[0;1;30;90;47m S[0;1;37;97;47m:8@[0m     
      [0;1;37;97;47mX88[0;1;30;90;47m;t[0;1;37;97;47m.S8[0;37;5;47;107m8XSS%%%%SSX[0;1;37;97;47m;[0;37;5;47;107m8[0;1;37;97;47mX;[0;1;30;90;47m;;[0;1;37;97;47m@88[0m      
       [0;1;30;90;47mX[0;37;5;47;107m@8[0;1;37;97;47mX[0;1;30;90;47m t[0;1;37;97;47m tX88[0;37;5;47;107m888888[0;1;37;97;47mSt.[0;1;30;90;47m;.[0;1;37;97;47mS[0;37;5;47;107m8@[0;1;30;90;47m:[0m       
         [0;1;30;90;47m%[0;37;5;47;107m@X@[0;1;37;97;47mX:[0;1;30;90;47m.;..t%.:;[0;1;37;97;47m .S[0;37;5;47;107m8XX[0;1;30;90;47m;[0m         
           [0;33;5;40;100m [0;1;37;97;47m;[0;37;5;47;107mS%%%X8[0;1;37;97;47m8[0;37;5;47;107m88@%%%%[0;1;37;97;47mt[0;37;5;40;100mS[0m           
               [0;35;5;40;100m [0;1;30;90;47m8t[0;1;37;97;47m :: [0;1;30;90;47m;8[0;33;5;40;100m [0m               
                                        
