[0;37;40m                              [0m
[0;37;40m                              [0m
[0;37;40m                              [0m
[0;1;37;47m@[0;5;37;47m8S%8X%X8[0;1;37;47m@[0;5;37;47mX[0;1;37;47m8[0;5;37;47m88@@@XXXSXSSXSXX@S[0m
[0;1;30;47m.[0;1;37;47m@@[0;5;37;47mt[0;1;37;47m%S[0;5;37;47m%@[0;1;37;47m%[0;1;30;47m [0;5;37;47m@[0;1;30;47m.[0;1;36;47mS[0;1;37;47m [0;1;36;47mS[0;1;37;47m:[0;1;36;47mS[0;1;37;47m;[0;1;36;47m%[0;1;37;47m%[0;1;36;47mS[0;1;37;47mSS[0;1;36;47mS[0;1;37;47mS[0;1;36;47mS[0;1;37;47mS[0;1;36;47mS[0;1;37;47m;[0;5;37;47mX[0m
[0;1;37;47m.[0;5;37;47m8[0;1;37;47m8[0;5;37;47mt[0;1;37;47mX8[0;5;37;47m%@[0;1;37;47m%[0;1;30;47m [0;5;37;47m8[0;1;30;47m;[0;5;37;46m8[0;1;36;47mXX[0;5;37;46m8[0;1;37;47m:[0;5;37;46m8[0;1;36;47mS[0;5;37;46m8[0;5;37;47m8[0;5;37;46m88[0;5;37;47m8[0;5;37;46m8[0;1;37;47mX[0;5;37;46m8[0;5;37;47m8[0;1;37;47m [0;5;37;47m@[0m
[0;1;37;47m 88[0;5;37;47m;[0;1;37;47m%S[0;5;37;47mt@[0;1;37;47mS[0;1;30;47m.[0;5;37;47m@[0;36;47mX[0;1;36;47mX[0;5;37;46m8[0;1;37;47m [0;5;37;46m88[0;5;37;47m8[0;5;37;46m888[0;5;37;47m8[0;5;37;46m88[0;5;1;37;46m8[0;5;37;46m8[0;5;37;47m8[0;5;37;46mX[0;1;37;47m [0;5;37;47m8[0m
[0;1;30;47m [0;5;37;47m8[0;1;37;47m8[0;5;37;47m;[0;1;37;47m%t[0;5;37;47mS@[0;1;37;47mS[0;1;30;47m.[0;5;37;47m8[0;36;47mX[0;5;37;46m8[0;5;37;44m8[0;5;1;37;46m8[0;5;1;35;44m8[0;5;1;37;46m@[0;5;1;36;44m8[0;5;37;47m8[0;5;1;36;44m8[0;5;37;47m8[0;5;1;36;44m8[0;5;37;47m8[0;5;1;34;46m8[0;5;37;47m8[0;5;1;34;46m8[0;5;1;37;46m8[0;1;36;47mS[0;1;37;47m [0;5;37;47m8[0m
[0;1;30;47m.[0;1;37;47m88[0;5;37;47m;[0;1;37;47mtS[0;5;37;47mt8[0;1;37;47mt[0;1;30;47m.[0;5;37;47m8[0;36;47mS[0;5;1;34;46m8[0;1;37;47m [0;5;1;34;46m8[0;5;1;37;46m8[0;5;37;44m8[0;5;37;46m8[0;5;1;36;44m8[0;5;37;47m8[0;5;1;34;46m8[0;1;36;47mS[0;5;1;34;46m8[0;5;37;47m8[0;5;1;36;44m8[0;5;37;47m8[0;5;1;36;44m8[0;5;37;46m8[0;1;37;47m%[0;5;37;47m8[0m
[0;1;30;47m;[0;1;37;47mXX[0;5;37;47mt[0;1;37;47mtS[0;5;37;47m%[0;1;37;47m8;[0;1;30;47m.[0;5;37;47m8[0;36;47mX[0;5;1;36;44m8[0;5;1;34;46m8[0;1;35;47mX[0;5;1;34;46m8[0;1;36;47m@[0;5;37;44m8[0;5;37;46m8[0;5;1;36;44m8[0;1;36;47mS[0;5;1;36;44m8[0;1;37;47m [0;5;1;34;46m8[0;5;37;46m8[0;5;1;36;44m8[0;1;37;47m [0;5;1;34;46m8[0;5;37;47m88[0m
[0;1;30;47m%[0;1;37;47mt@[0;5;37;47mt[0;1;37;47mtS[0;5;37;47mt[0;1;37;47m8:[0;1;30;47m:[0;5;37;47m8[0;36;47mX[0;5;37;44m8[0;5;37;46m8[0;5;1;36;44m@[0;5;37;44m8[0;5;1;34;46m8[0;5;37;46m8[0;5;1;35;44m@[0;5;37;46m8[0;5;1;36;44m8[0;1;36;47mS[0;5;1;36;44m8[0;1;36;47mX[0;5;1;36;44m8[0;1;37;47m [0;5;1;34;46m8[0;1;37;47m  [0;5;37;47m8[0m
[0;1;30;47m%[0;1;37;47mt[0;5;37;47m8%[0;1;37;47mt%[0;5;37;47mX[0;1;37;47m8[0;1;30;47m ;[0;5;37;47m8[0;1;36;47mS[0;5;37;44m8[0;1;36;47m8[0;5;37;44m8[0;5;37;46m8[0;5;37;44m8[0;1;36;47m8[0;5;1;36;44m8[0;1;36;47m%[0;5;37;44m8[0;5;37;46m8[0;5;37;44m8[0;1;36;47mX[0;5;37;44m8[0;5;37;46m8[0;1;36;47mX[0;5;1;36;44m8[0;5;37;47m88[0m
[0;1;30;47mS[0;1;37;47m;8[0;5;37;47mt[0;1;37;47m;%[0;5;37;47mS[0;1;30;47mS.t[0;1;37;47m;%[0;5;37;47m8[0;1;37;47mS[0;5;37;47m8@XS;Xt;t%t%888[0;1;37;47mS[0m
[0;1;30;47mX[0;1;37;47m S[0;5;37;47m@[0;1;30;47m:[0;1;37;47m:[0;5;37;47mX[0;1;37;47m:[0;1;30;47m:[0;1;37;47m;[0;37;40m        [0;1;37;47m@[0;5;37;47m88[0;1;37;47mS[0;37;40m        [0m
[0;1;37;47m [0;1;30;47m8 .;:[0;1;37;47m:[0;1;30;47mtX[0;37;40m    [0;5;37;47mX%X88[0;1;37;47m@[0;5;37;47m8[0;1;37;47m8X[0;5;37;47m88@X8[0;37;40m   [0m
[0;37;40m                              [0m
[0;37;40m                              [0m
[0;37;40m                              [0m
