[0;37;40m                                        [0m
[0;37;40m                                        [0m
[0;37;40m                                        [0m
[0;37;40m                                        [0m
[0;37;40m                                        [0m
[0;1;30;47m;[0;1;37;47m%88[0;5;37;47mt%[0;1;30;47m@[0;5;37;47mttX[0;1;37;47m8t[0;1;30;47m;[0;5;37;47mS[0;1;37;47m%[0;1;30;47m:[0;1;37;47m.:;;tt%%%SSXSXSXSSXSSt[0;5;37;47m8@[0m
[0;1;30;47m.[0;1;37;47m8[0;5;37;47m8[0;1;37;47m@[0;5;37;47m%t[0;5;37;40m8[0;5;37;47mt%S[0;1;37;47m8%[0;1;30;47m;[0;5;37;47mS[0;1;37;47mS[0;36;47m8[0;1;36;47m@X[0;5;37;46m8[0;1;36;47m%[0;5;37;46m8[0;1;37;47m%[0;5;37;46m8[0;1;36;47mS[0;5;37;46m8[0;1;37;47mX[0;5;37;46m8[0;1;36;47mS[0;5;37;46m8[0;1;37;47m8[0;5;37;46m8[0;1;37;47m8[0;5;37;46m8[0;1;36;47mS[0;5;37;46m8[0;1;37;47m8[0;5;37;46m8[0;1;30;47m:[0;5;37;47m8@[0m
[0;1;30;47m:[0;1;37;47m8[0;5;37;47m8[0;1;37;47m@[0;5;37;47mt%[0;36;47m8[0;5;37;47mttS[0;1;37;47m8%[0;1;30;47mt[0;5;37;47mS[0;1;37;47m%[0;36;47m8[0;5;37;46m8[0;1;37;47m [0;5;1;37;46m8[0;1;37;47m [0;5;37;46m88[0;5;37;47m8[0;5;37;46m8[0;5;37;47m8[0;5;37;46m8[0;5;37;47m8[0;5;37;46m8[0;5;37;47m8[0;5;37;46m8[0;5;1;37;46m8[0;5;37;46m8[0;5;37;47m8[0;5;1;37;46m8[0;5;37;47m8[0;5;37;46m8[0;5;37;47m8[0;1;36;47m8[0;1;37;47mX[0;5;37;47m8[0m
[0;1;30;47m:[0;1;37;47m8[0;5;37;47m8[0;1;37;47m@[0;5;37;47mtt[0;5;37;40m8[0;5;37;47mttS[0;1;37;47m8S[0;1;30;47m%[0;5;37;47m%[0;1;37;47m%[0;36;47m8[0;5;37;46m88[0;5;37;44m8[0;5;1;37;46m8[0;1;37;47m [0;5;1;34;46m8[0;5;37;47m8[0;5;1;34;46m8[0;5;37;46m888[0;5;37;47m8[0;5;1;34;46m8[0;5;37;47m8[0;5;37;46m8[0;5;37;47m8[0;5;1;34;46m@[0;5;37;47m8[0;5;37;46m@[0;5;1;37;46m8[0;5;37;46m8[0;1;35;47mS[0;5;37;47m88[0m
[0;1;30;47m;[0;1;37;47m8[0;5;37;47m8[0;1;37;47m8[0;5;37;47mtt[0;5;37;40m8[0;5;37;47mSXS8[0;1;37;47m%[0;1;30;47m%[0;5;37;47m%[0;1;37;47mt[0;1;34;47m8[0;1;36;47mXS[0;5;1;37;46m8[0;5;1;35;44m8[0;5;1;37;46m8[0;5;37;46m8[0;5;1;34;46m8[0;5;37;47m8[0;1;34;47mS[0;5;1;36;47m8[0;5;1;36;44m@[0;5;37;47m8[0;5;1;34;46m@[0;5;37;47m8[0;5;1;34;46m8[0;5;37;47m8[0;5;37;46m88[0;1;37;47m [0;5;1;34;46m8[0;5;37;47m8[0;1;36;47m8[0;5;37;47m88[0m
[0;1;30;47m;[0;1;37;47m8[0;5;37;47m8[0;1;37;47m8[0;5;37;47m;%[0;5;37;40m@[0;5;37;47mS%S[0;1;37;47m8S[0;1;30;47m%[0;5;37;47m%[0;1;37;47mS[0;37;46m@[0;5;1;34;46m8[0;1;35;47mX[0;5;1;34;46m8[0;5;1;37;46m8[0;5;37;44m8[0;5;37;47m8[0;5;1;34;46m8[0;1;37;47m [0;5;1;34;46m8[0;5;37;47m8[0;5;1;34;46m8[0;5;37;47m8[0;5;1;34;46m8[0;5;37;46m8[0;1;37;47m [0;5;1;34;46m8[0;5;37;47m8[0;5;1;34;46m8[0;5;37;47m8[0;5;1;37;46m8[0;5;1;36;44m8[0;1;37;47m [0;5;37;47m88[0m
[0;1;30;47mt[0;1;37;47mX[0;5;37;47m8[0;1;37;47m@[0;5;37;47mtt[0;5;37;40m@[0;5;37;47mttX[0;1;37;47m8:[0;1;30;47m%[0;5;37;47mS[0;1;37;47m%[0;1;34;47m8[0;5;37;46m8[0;5;1;34;46m8[0;1;37;47m [0;5;1;34;46m8[0;5;37;46m8[0;5;1;36;44m8[0;5;37;47m8[0;5;1;34;46m8[0;1;36;47m%[0;5;1;36;44m8[0;5;37;47m8[0;5;1;36;44m8[0;5;37;47m8[0;5;1;36;44m8[0;5;1;37;46m8[0;5;1;36;44m8[0;5;1;36;47m8[0;5;1;36;44m8[0;5;37;46m8[0;5;37;44m8[0;5;1;36;47m8[0;1;34;47m@[0;5;37;47m88[0m
[0;1;30;47m%[0;1;37;47mt@S[0;5;37;47mt%[0;5;37;40mX[0;5;37;47mtt@[0;1;37;47mX.[0;1;30;47m%[0;5;37;47m%[0;1;37;47mS[0;1;34;46m8[0;1;36;47m8[0;5;1;36;44m@[0;1;36;47m@[0;5;37;44m8[0;1;36;47mX[0;5;1;36;44m88[0;1;37;47m [0;5;1;34;46m8[0;5;37;46m8[0;5;1;36;44m8[0;5;37;46m8[0;5;1;36;44m8[0;1;37;47m [0;5;1;34;46m8[0;1;37;47m [0;5;1;36;44m8[0;5;37;47m8[0;5;1;36;44m8[0;5;1;37;46m8[0;5;1;36;44m8[0;1;37;47m.[0;5;37;47m88[0m
[0;1;30;47mX[0;1;37;47m.%t[0;5;37;47mtt[0;5;37;40mX[0;5;37;47mt%@[0;1;37;47mX[0;1;30;47m %[0;5;37;47mS[0;1;37;47mX[0;1;34;46m8[0;1;34;47m8[0;5;1;34;46m8[0;5;37;44m8[0;5;1;34;46m8[0;5;37;44m8[0;1;36;47mX[0;5;1;36;44m8[0;5;1;34;46m8[0;1;35;47mX[0;5;1;36;44m8[0;1;36;47mS[0;5;1;36;44m@[0;1;36;47mS[0;5;1;36;44m8[0;1;36;47mS[0;5;1;36;44m8[0;5;37;46m8[0;5;1;36;44m8[0;1;37;47m [0;5;1;34;46m8[0;1;37;47m [0;5;37;46m8[0;5;37;47m88[0m
[0;1;30;47m%[0;1;37;47m:8[0;5;37;47m8%t[0;5;37;40mX[0;5;37;47m%t@[0;1;37;47mS[0;1;30;47m S[0;5;37;47m%[0;1;37;47mX[0;37;46mX[0;5;1;34;46m8[0;1;34;47m@[0;5;1;34;46m8[0;1;36;47m@[0;5;1;36;44m8[0;5;37;44m8[0;5;37;46m8[0;5;1;36;44m@[0;5;1;34;46m8[0;1;34;47mX[0;5;1;36;44m8[0;1;36;47mX[0;5;1;36;44m@[0;1;36;47mX[0;5;1;36;44m8[0;1;37;47m [0;5;1;36;44m8[0;1;36;47mS[0;5;1;36;44m8[0;1;36;47mS[0;5;1;36;44m8[0;1;37;47m [0;5;37;47m88[0m
[0;1;30;47mX[0;1;37;47m:S[0;5;37;47m8%t[0;5;37;40mS[0;5;37;47mXX[0;1;37;47m8t[0;1;30;47m.X[0;5;37;47mS[0;1;37;47m%[0;36;47m8[0;1;36;47m8[0;1;34;47m8[0;1;36;47m@[0;5;37;44m8[0;1;36;47mX8[0;5;37;44m8[0;1;37;47m [0;5;37;46m8[0;1;34;47m@[0;1;36;47m@[0;5;37;44m8[0;1;36;47mS[0;5;37;44m8[0;1;36;47mS[0;5;1;34;46m8[0;1;37;47m [0;5;1;34;46m8[0;1;37;47m [0;5;37;46m8[0;1;34;47mS[0;1;36;47mS[0;5;37;47m88[0m
[0;1;30;47mX[0;1;37;47m.%8[0;5;37;47mt%[0;5;37;40mX[0;5;37;47mt%[0;1;37;47m:[0;1;30;47m.:X[0;1;37;47mX;tS[0;5;37;47m8888888@@S%S%;.t X8888[0;1;37;47m%[0m
[0;1;30;47m@.[0;1;37;47m;@[0;5;37;47m@S[0;5;33;40m [0;5;37;47m%%[0;1;30;47m %:t[0;1;37;47mSSX[0;5;37;47m8[0;1;37;47m%[0;5;37;47m8888888[0;1;37;47mS[0;5;37;47m88888@@@8[0;1;37;47mt[0;5;37;47m88[0;1;37;47mX[0;5;37;47m8[0m
[0;1;30;47m@;[0;1;37;47m.X[0;5;37;47m8@[0;1;30;47m8[0;5;37;47m88[0;1;37;47mX[0;1;30;47m %[0;1;37;47m:[0;37;40m           [0;5;37;47m8%t88[0;37;40m           [0m
[0;1;37;47m;[0;1;30;47m;[0;5;36;40m [0;1;37;47m;[0;1;30;47m%88@:[0;1;37;47m [0;5;36;40m [0;1;30;47m;[0;37;40m    [0;1;30;47m.[0;1;37;47m@[0;5;37;47m@X@888[0;1;37;47mSX[0;5;37;47m8[0;1;37;47m%t[0;5;37;47m88888[0;1;37;47m8X:[0;37;40m   [0m
[0;37;40m                                        [0m
[0;37;40m                                        [0m
[0;37;40m                                        [0m
[0;37;40m                                        [0m
