[0;37;40m                                                            [0m
[0;37;40m                                                            [0m
[0;37;40m                                                            [0m
[0;37;40m                                                            [0m
[0;37;40m                                                            [0m
[0;37;40m                                                            [0m
[0;37;40m                                                            [0m
[0;1;30;47mt[0;1;37;47m:%X8[0;5;37;47m88@8[0;1;30;47m;[0;1;37;47mX[0;5;37;47m@@88[0;1;37;47mX%.[0;1;30;47mt[0;1;37;47m:[0;5;37;47mX[0;1;37;47mt:;tt%SSXXX@@@@888888[0;5;37;47m8[0;1;37;47m88[0;5;37;47m8[0;1;37;47m8888[0;5;37;47m8[0;1;37;47m88888XX[0;5;37;47m8[0;1;37;47m8[0m
[0;1;30;47mS[0;1;37;47m:SX@S[0;5;37;47m%t%[0;1;30;47mXS[0;5;37;47m;tSX[0;1;37;47m8@;[0;1;30;47m;[0;1;37;47mt[0;5;37;47m;[0;1;37;47mS[0;1;30;47m.;:...      [0;1;37;47m:[0;1;30;47m [0;1;37;47m::;;;;;;;;;;t;:;;;;[0;1;30;47m [0;1;37;47m:8[0;5;37;47m%8[0m
[0;1;30;47m;[0;1;37;47m%8[0;5;37;47m8@[0;1;37;47m%[0;5;37;47m%t%[0;1;30;47m%S[0;5;37;47m;t%X8[0;1;37;47mX;[0;1;30;47m;[0;1;37;47m;[0;5;37;47m;[0;1;37;47mX[0;1;30;47mS[0;1;36;47m@[0;5;37;46m8[0;1;36;47mX[0;5;37;46m8[0;1;36;47mS[0;5;37;46m8[0;1;36;47mS[0;5;37;46m8[0;1;36;47mS[0;5;37;46m8[0;1;36;47mS[0;5;37;46m8[0;1;37;47m@[0;5;37;46m88[0;1;37;47mX[0;5;37;46m88[0;1;37;47m8[0;5;37;46m88[0;1;37;47m8[0;5;37;46m88[0;1;37;47m8[0;5;37;46m88[0;1;37;47m8[0;5;37;46m88[0;1;37;47m8[0;5;37;46m88[0;1;30;47mX[0;5;37;47m8S8[0m
[0;1;30;47m;[0;1;37;47m%8[0;5;37;47m8@[0;1;37;47m%[0;5;37;47m%;S[0;1;30;47m::[0;5;37;47m;t%X[0;1;37;47m8@;[0;1;30;47m;[0;1;37;47m;[0;5;37;47m;[0;1;37;47mS[0;1;30;47mS[0;1;36;47mS[0;1;37;47m.[0;5;37;46m8[0;5;37;47m8[0;5;37;46m8[0;5;37;47m8[0;5;37;46m8[0;5;37;47m8[0;5;37;46m8[0;5;37;47m8[0;5;37;46m8[0;5;37;47m8[0;5;37;46m8[0;5;37;47m8[0;5;37;46m8[0;5;1;37;46m8[0;1;37;47m [0;5;1;37;46m8[0;5;37;46m8[0;5;37;47m8[0;5;37;46m8[0;5;1;37;46m8[0;5;37;47m8[0;5;37;46m8[0;5;1;37;46m8[0;5;37;47m8[0;5;37;46m8[0;5;1;37;46m8[0;5;37;47m8[0;5;37;46m8[0;5;1;37;46m8[0;5;37;47m8[0;5;37;46m8[0;1;30;47mS[0;5;37;47m8X8[0m
[0;1;30;47mt[0;1;37;47m%8[0;5;37;47m8@[0;1;37;47mS[0;5;37;47m%;%[0;36;47m88[0;5;37;47m t%S8[0;1;37;47mXt[0;1;30;47m;[0;1;37;47m:[0;5;37;47m;[0;1;37;47mX[0;1;30;47mS[0;5;37;46m88[0;1;37;47m [0;5;1;34;46m8[0;5;37;47m8[0;5;1;34;46m8[0;5;37;47m8[0;5;1;34;46m8[0;5;37;47m8[0;5;1;34;46m8[0;5;37;47m8[0;5;1;34;46m@[0;5;1;36;47m8[0;5;1;34;46m8[0;5;37;47m8[0;5;37;46m8[0;5;1;36;47m8[0;1;37;47m [0;5;1;37;46m8[0;5;37;46m8[0;5;37;47m8[0;5;37;46m88[0;5;37;47m8[0;5;37;46m8[0;5;1;37;46m8[0;1;37;47m [0;5;1;37;46m8[0;5;37;46m8[0;5;37;47m8[0;5;37;46m8[0;5;1;36;47m8[0;1;37;47m [0;36;47mX[0;5;37;47m8X8[0m
[0;1;30;47mt[0;1;37;47m%8[0;5;37;47m8@[0;1;37;47mS[0;5;37;47mt;%[0;1;30;47m:;[0;5;37;47m;;%X[0;1;37;47m88t[0;1;30;47mt[0;1;37;47m:[0;5;37;47m;[0;1;37;47mX[0;1;30;47m@[0;1;36;47mS[0;5;37;46m8[0;5;1;36;47m8[0;5;37;44m8[0;5;1;37;46m8[0;1;36;47mS[0;5;1;34;46m8[0;5;37;47m8[0;5;1;34;46m8[0;5;37;47m8[0;5;1;34;46m@[0;5;37;47m8[0;5;37;46m8[0;5;37;47m8[0;5;1;34;46m8[0;5;37;47m8[0;5;1;36;44m8[0;5;1;36;47m8[0;1;34;47mS[0;5;1;37;46m8[0;5;1;36;44m8[0;5;37;47m8[0;5;1;37;46m8[0;5;1;36;44m8[0;5;37;47m8[0;5;37;46m8[0;5;1;36;47m8[0;1;35;47mS[0;5;1;37;46m8[0;5;37;46m8[0;5;37;47m8[0;5;1;34;46m8[0;5;37;47m8[0;1;34;47m@[0;5;37;47m8X8[0m
[0;1;30;47mt[0;1;37;47mt8[0;5;37;47m8@[0;1;37;47mS[0;5;37;47mt;%[0;1;30;47mSS[0;5;37;47m;ttS8[0;1;37;47mXt[0;1;30;47m;[0;1;37;47m.[0;5;37;47m;[0;1;37;47mX[0;1;30;47mX[0;5;37;46m8[0;5;1;34;45m8[0;5;1;37;46m@[0;5;37;46m8[0;5;1;34;45m8[0;5;1;37;46m8[0;1;37;47m [0;5;1;34;46m@[0;5;37;47m8[0;5;1;34;46m8[0;5;37;47m8[0;5;1;34;46m8[0;1;37;47m [0;5;1;34;46m8[0;5;37;47m8[0;5;1;34;46m8[0;5;37;47m8[0;5;1;34;46m8[0;5;37;47m8[0;5;37;46m8[0;5;37;47m8[0;5;1;34;46m8[0;5;37;47m8[0;5;1;36;47m8[0;5;1;36;44m8[0;5;37;47m8[0;5;1;34;46m8[0;5;1;36;47m8[0;1;34;47m%[0;5;1;37;46m8[0;5;37;46m8[0;5;37;47m8[0;5;37;46m8[0;1;37;47m [0;5;37;47m8@8[0m
[0;1;30;47m%[0;1;37;47m%8[0;5;37;47m8@[0;1;37;47mX[0;5;37;47mt;%[0;1;30;47mSS[0;5;37;47mS8%S[0;1;37;47m88t[0;1;30;47m;[0;1;37;47m.[0;5;37;47m;[0;1;37;47mX[0;1;30;47mX[0;5;37;46m88[0;5;37;44m8[0;5;1;36;47m8[0;5;37;46m8[0;5;1;34;46m8[0;5;37;47m8[0;5;1;34;46m8[0;5;37;47m8[0;5;1;34;46m8[0;1;37;47m [0;5;1;37;46m8[0;5;1;34;46m8[0;5;37;47m8[0;5;1;34;46m8[0;5;37;47m8[0;5;37;46m8[0;5;37;47m8[0;5;1;36;44m8[0;5;37;47m8[0;5;1;34;46m8[0;5;37;47m8[0;5;1;34;46m8[0;5;37;47m8[0;5;37;46m8[0;5;37;47m8[0;5;37;46m8[0;5;1;36;47m8[0;5;1;36;44m8[0;5;37;47m8[0;5;1;34;46m8[0;5;37;47m8[0;5;1;34;46m@[0;1;37;47m [0;5;37;47m888[0m
[0;1;30;47m%[0;1;37;47mt8[0;5;37;47m8@[0;1;37;47mX[0;5;37;47mt;S[0;1;30;47mSS[0;5;37;47mSS%S8[0;1;37;47m8t[0;1;30;47mt[0;1;37;47m:[0;5;37;47m;[0;1;37;47mS[0;1;30;47mX[0;1;36;47m@[0;5;37;44m8[0;5;1;37;46m8[0;5;37;44m8[0;1;37;47m [0;5;1;34;46m8[0;1;37;47m [0;5;1;34;46m8[0;1;36;47m%[0;5;37;46m8[0;5;1;36;44m8[0;5;37;47m8[0;5;1;34;46m8[0;5;37;47m8[0;5;1;34;46m8[0;1;36;47m%[0;5;1;36;44m8[0;5;1;36;47m8[0;5;1;34;46m8[0;5;37;47m8[0;5;1;34;46m8[0;5;37;47m8[0;5;1;34;46m8[0;5;37;47m8[0;5;1;36;44m8[0;5;1;37;46m8[0;5;1;35;44m8[0;5;1;36;47m8[0;5;37;47m8[0;5;1;34;46m8[0;5;37;47m8[0;5;1;34;46m@[0;5;37;47m8[0;1;34;47m@[0;5;37;47m8X8[0m
[0;1;30;47m%[0;1;37;47mt8[0;5;37;47m@@[0;1;37;47mX[0;5;37;47mt;%[0;1;30;47mXS[0;5;37;47m;;%S[0;1;37;47m8@;[0;1;30;47mt[0;1;37;47m.[0;5;37;47m:[0;1;37;47mS[0;1;30;47m@[0;5;37;46m8[0;1;36;47mX[0;5;1;36;44m8[0;5;1;36;47m8[0;5;1;36;44m8[0;5;37;47m8[0;5;1;34;46m8[0;5;37;47m8[0;5;1;36;44m8[0;5;37;47m8[0;5;1;34;46m8[0;1;37;47m [0;5;1;34;46m8[0;1;37;47m [0;5;37;46m8[0;5;1;37;46m8[0;5;1;34;45m8[0;5;37;46m8[0;1;37;47m [0;5;1;34;46m8[0;5;37;47m8[0;5;1;34;46m8[0;5;37;47m8[0;5;1;34;46m8[0;5;37;47m8[0;5;1;34;46m8[0;5;1;36;47m8[0;5;1;34;46m8[0;1;36;47mS[0;5;1;37;46m8[0;5;1;34;46m8[0;5;37;47m8[0;5;1;34;46m@[0;1;37;47m [0;5;37;47m8@8[0m
[0;1;30;47mS[0;1;37;47m:@8[0;5;37;47m8[0;1;37;47mS[0;5;37;47mtt%[0;1;30;47mXS[0;5;37;47m;t%@[0;1;37;47m8%[0;1;30;47m t[0;1;37;47m.[0;5;37;47m:[0;1;37;47mS[0;1;30;47mX[0;5;1;36;44m8[0;1;37;47m [0;5;1;36;44m8[0;1;37;47m [0;5;1;34;46m8[0;5;37;46m8[0;5;37;44m8[0;5;1;34;46m8[0;1;37;47m [0;5;1;36;44m8[0;5;37;47m8[0;5;1;36;44m8[0;5;37;47m8[0;5;1;36;44m8[0;5;37;44m8[0;5;1;37;46m8[0;5;37;46m8[0;5;1;34;46m8[0;5;37;47m8[0;5;1;34;46m8[0;5;37;46m8[0;5;1;36;44m8[0;1;36;47mS[0;5;1;34;46m8[0;1;36;47mS[0;5;37;46m8[0;1;34;47mS[0;5;37;46m8[0;5;1;36;44m8[0;5;37;47m8[0;5;1;34;46m8[0;5;37;46m8[0;1;36;47mS[0;1;34;47mS[0;5;37;47m8X8[0m
[0;1;30;47mS[0;1;37;47m S@8t[0;5;37;47m%;S[0;1;30;47mXS[0;5;37;47m;tS@[0;1;37;47m@t[0;1;30;47m t[0;1;37;47m.[0;5;37;47m;[0;1;37;47mX[0;1;30;47m%[0;5;1;36;44m8[0;5;37;46m8[0;5;37;44m8[0;5;1;34;46m8[0;1;35;47mS[0;5;1;36;44m8[0;5;37;46m8[0;1;34;47mX[0;5;1;34;46m@[0;5;37;46m8[0;5;1;36;44m8[0;5;37;46m8[0;5;1;36;44m8[0;5;37;47m8[0;5;1;34;46m8[0;5;37;44m8[0;5;37;46m8[0;5;37;44m8[0;5;1;34;46m@[0;1;37;47m [0;5;1;36;44m8[0;5;37;47m8[0;5;1;36;44m8[0;1;37;47m [0;5;1;34;46m8[0;5;37;46m8[0;5;1;36;44m8[0;5;37;47m8[0;5;1;34;46m8[0;1;36;47m@[0;1;34;47mS[0;5;1;34;46m8[0;1;36;47m%[0;1;37;47m [0;5;37;47m888[0m
[0;1;30;47mS [0;1;37;47m%@8%[0;5;37;47m%t%[0;1;30;47m@S[0;5;37;47m;t%@[0;1;37;47m@t[0;1;30;47m t[0;1;37;47m.[0;5;37;47m:[0;1;37;47mS[0;1;30;47mt[0;5;1;36;44m8[0;5;37;44m8[0;5;37;46m8[0;5;1;36;44m8[0;5;1;34;46m8[0;1;34;47mX[0;5;1;36;44m8[0;5;37;46m8[0;5;1;35;44m@[0;5;37;46m8[0;5;37;44m8[0;5;1;34;46m8[0;1;34;47mX[0;5;1;34;46m8[0;1;36;47m@[0;5;1;36;44m8[0;1;36;47mS[0;5;1;34;46m8[0;1;36;47m%[0;5;1;36;44m8[0;5;37;46m8[0;5;1;36;44m8[0;5;37;46m8[0;5;1;36;44m8[0;5;37;47m8[0;5;1;36;44m@[0;1;37;47m [0;5;1;34;46m8[0;1;36;47mS[0;5;1;36;44m8[0;5;1;36;47m8[0;5;1;36;44m8[0;5;37;46m8[0;1;35;47mX[0;5;37;47m8@8[0m
[0;1;30;47m8% [0;1;37;47m;%:[0;5;37;47m%;%[0;1;30;47m@S[0;5;37;47m;tS8[0;1;37;47m@;[0;1;30;47m %[0;1;37;47m.[0;5;37;47m;[0;1;37;47mX[0;1;30;47mt[0;5;37;46m8[0;5;1;36;44m@[0;5;37;44m8[0;1;36;47m8[0;5;1;36;44m@[0;1;36;47m8[0;5;1;36;44m@[0;1;34;47m8[0;5;1;34;46m@[0;5;1;36;44m8[0;1;36;47mS[0;5;1;36;44m8[0;5;37;46m8[0;5;37;44m8[0;5;1;34;46m8[0;1;36;47mS[0;5;1;36;44m@[0;1;36;47m%[0;5;1;36;44m8[0;1;37;47m [0;5;1;36;44m8[0;1;37;47m [0;5;1;36;44m8[0;1;36;47mS[0;5;1;36;44m8[0;5;37;46m8[0;5;1;36;44m8[0;1;36;47m%[0;5;1;36;44m8[0;1;37;47m [0;5;1;36;44m8[0;5;37;47m8[0;5;1;36;44m8[0;1;36;47m%[0;5;37;47m888[0m
[0;1;30;47mX [0;1;37;47m%88[0;5;37;47mXS;S[0;1;30;47m@S[0;5;37;47m;t%8[0;1;37;47mX;[0;1;30;47m.%[0;1;37;47m.[0;5;37;47m:[0;1;37;47mS[0;1;30;47m@[0;5;1;36;44m8[0;1;36;47m8[0;5;1;36;44m@[0;5;37;44m8[0;5;37;46m8[0;5;37;44m8[0;5;1;34;46m8[0;1;36;47m8[0;5;37;44m8[0;5;37;46m8[0;5;1;36;44mX[0;1;34;47mX[0;5;1;36;44m8[0;1;36;47m@[0;5;1;36;44m@[0;5;37;44m8[0;5;37;46m8[0;5;1;36;44mX[0;1;36;47mX[0;5;1;36;44m8[0;5;37;46m8[0;5;1;36;44m@[0;1;36;47mS[0;5;1;36;44m8[0;1;36;47mS[0;5;1;36;44m8[0;1;37;47m [0;5;1;34;46m8[0;5;37;46m8[0;5;1;36;44m8[0;1;36;47mS[0;5;1;36;44m8[0;1;36;47mX[0;1;35;47m%[0;1;37;47mX[0;5;37;47m%8[0m
[0;1;30;47mX;[0;1;37;47m:S8[0;5;37;47m@%t%[0;1;30;47m@S[0;5;37;47m;tS8[0;1;37;47mX:[0;1;30;47m.% [0;5;37;47m:[0;1;37;47mS[0;1;30;47mt[0;5;1;36;44m8[0;1;34;47m8[0;5;37;46m@[0;5;36;44m [0;5;37;46m8[0;5;1;36;44m@[0;1;34;47m@[0;5;1;36;44m8[0;5;1;34;46m8[0;5;37;44m8[0;5;37;46m8[0;5;1;36;44m@[0;1;34;47m@[0;5;1;36;44m8[0;1;36;47mX[0;5;1;36;44m8[0;5;37;44m8[0;5;37;46m8[0;5;1;36;44mX[0;1;34;47mX[0;5;1;36;44m8[0;1;36;47mS[0;5;1;36;44m@[0;1;36;47mS[0;5;1;36;44m@[0;1;36;47mS[0;5;1;36;44m8[0;1;36;47mS[0;5;1;35;44m@[0;5;37;46m8[0;5;1;34;46m8[0;1;36;47m%[0;5;1;36;44m8[0;1;37;47m [0;5;37;47m8X8[0m
[0;1;30;47m@;[0;1;37;47m;S8[0;5;37;47m8S;%[0;1;30;47m8@[0;5;37;47mSX8[0;1;37;47m8%[0;1;30;47m ;X[0;1;37;47m:[0;5;37;47m;[0;1;37;47mX [0;1;36;47m@[0;1;34;47m8[0;1;36;47m8X[0;1;34;47m8[0;1;36;47mX8[0;1;34;47mX[0;1;36;47mS[0;1;34;47m@[0;1;36;47mX[0;1;34;47mX[0;1;36;47m@[0;1;34;47mX[0;1;36;47m@[0;1;34;47mS[0;1;36;47m@[0;5;37;44m8[0;1;37;47m [0;5;37;46m8[0;1;35;47mX[0;5;1;34;46m8[0;1;37;47m [0;5;37;44m8[0;1;37;47m [0;5;1;34;46m8[0;1;37;47m [0;5;1;34;46m8[0;5;37;47m8[0;5;37;46m8[0;1;35;47m@[0;5;37;46m8[0;1;36;47mS[0;1;37;47m [0;5;37;47m888[0m
[0;1;30;47m@;[0;1;37;47m:%@[0;5;37;47m8%t%[0;1;30;47m8S[0;5;37;47m;tS[0;1;37;47mX%.[0;1;30;47m:S.[0;5;37;47m8[0;1;37;47m%:t%X@[0;5;37;47m8[0;1;37;47m@[0;5;37;47m888888888@SS8@8:X%S ;;888@8888[0;1;37;47mS[0m
[0;1;30;47m@t[0;1;37;47m.t@[0;5;37;47m8StS[0;1;30;47m8X[0;5;37;47m;%[0;1;37;47m8[0;5;37;40mX[0;5;36;40m [0;1;37;47m.[0;1;30;47m;X;[0;1;37;47m:;;%SXX@88[0;5;37;47m8[0;1;37;47m@[0;5;37;47m888888@@XXXXXX@X@X@8[0;1;37;47m; [0;1;35;47mS[0;5;37;47m88[0;1;37;47m;[0;5;37;47m8[0;1;37;47m:[0m
[0;1;30;47m8% [0;1;37;47m.tS8[0;5;37;47mSX[0;5;37;40m%[0;1;30;47m8[0;5;37;47mS%X[0;1;37;47m;[0;1;30;47m  tX[0;37;40m                 [0;1;37;47mX;S[0;5;37;47m8[0;1;37;47mS[0;5;37;47m8[0;1;37;47m;%[0;37;40m                [0m
[0;1;30;47m8S.[0;1;37;47m.%@[0;5;37;47m8X8[0;5;33;40m [0;1;30;47m8[0;5;37;47m@@8[0;1;37;47mX:[0;1;30;47m:%@[0;37;40m                  [0;5;37;47m8%:S88[0;1;37;47mS[0;37;40m                [0m
[0;1;30;47m@Xt.[0;1;37;47m;X8[0;5;37;47m888888[0;1;37;47m8S[0;1;30;47m tS@[0;37;40m            [0;5;37;47m@XXXX[0;1;37;47m@@[0;5;37;47m8@88[0;1;37;47mtS[0;5;37;47m8XXS@[0;37;40m           [0m
[0;37;40m    [0;1;30;47m8;[0;5;37;40m8[0;5;36;40m.[0;5;33;40m;[0;5;35;40mS[0;5;33;40m%[0;5;35;40m.[0;1;30;47m8St[0;37;40m        [0;5;36;40m.[0;5;35;40m [0;1;30;47m;[0;1;37;47m%[0;5;37;47m8@X88[0;1;37;47m8888888[0;5;37;47m8[0;1;37;47mX[0;5;37;47m8[0;1;37;47mX[0;5;37;47m8[0;1;37;47m@[0;5;37;47m8[0;1;37;47m8[0;5;37;47m8[0;1;37;47m8888% [0;1;30;47mS[0;5;36;40m [0;5;37;40mS[0;37;40m   [0m
[0;37;40m                                     [0;5;36;40m  [0;5;35;40m [0;5;37;40mS[0;5;35;40m  [0;37;40m                 [0m
[0;37;40m                                                            [0m
[0;37;40m                                                            [0m
[0;37;40m                                                            [0m
[0;37;40m                                                            [0m
[0;37;40m                                                            [0m
