[0;37;40m                              [0m
[0;37;40m  [0;5;33;40m.[0;1;33;47m@[0;33;47m@@[0;1;33;47m@[0;33;47m@@[0;1;33;47m@[0;33;47m@@[0;1;33;47m@[0;33;47m@@[0;1;33;47m@[0;33;47m@@[0;1;33;47m@[0;33;47m@@[0;1;33;47m@[0;33;47m@@[0;1;33;47m@[0;33;47m@@[0;1;30;47m8[0;37;40m  [0m
[0;37;40m  [0;33;47m8[0;1;33;47m8[0;5;37;42m8[0;5;37;43m8[0;5;37;42m8[0;1;33;47m8[0;5;37;42m8[0;1;33;47m8[0;5;37;42m8[0;1;33;47m8[0;1;32;47m8[0;1;33;47mS[0;1;37;47m [0;1;33;47m%[0;1;37;47m [0;1;33;47mSX[0;5;37;42m8[0;5;37;43m8[0;5;37;42m8[0;1;33;47m8[0;5;37;42m8[0;1;33;47m8[0;5;37;42m8[0;5;37;43m@[0;1;32;47m8[0;37;40m  [0m
[0;37;40m  [0;33;47m8[0;5;37;43m8[0;5;37;42m8[0;1;33;47m8[0;1;32;47m8[0;5;37;43m8[0;1;32;47m8[0;1;33;47m8[0;1;37;47m:[0;5;37;47m888[0;5;1;33;47m@[0;5;37;47m8[0;5;1;33;47m@[0;5;37;47m8888[0;1;33;47mX[0;1;32;47m8[0;5;37;43m8[0;5;37;42m8[0;5;37;43m8[0;5;37;42m8[0;1;33;47m8[0;37;40m  [0m
[0;37;40m  [0;33;47m8[0;1;32;47m8[0;5;37;43m8[0;1;32;47m8[0;5;37;43m8[0;1;32;47m@[0;5;37;47m888[0;5;1;37;43m8[0;5;37;43m8[0;5;37;42m8[0;5;37;43m8[0;5;37;42m8[0;5;37;43m8[0;5;37;42m8[0;5;37;43m8[0;1;37;47m [0;5;1;33;47m8[0;5;37;47m88[0;1;33;47mS8[0;5;37;42m8[0;1;33;47m8[0;1;32;47m8[0;37;40m  [0m
[0;37;40m  [0;33;47m8[0;5;37;43m8[0;1;32;47mX[0;5;37;47mX8[0;1;37;47mt[0;5;1;37;43m8[0;1;37;47m [0;5;1;32;43m8[0;1;36;47mS[0;5;37;47m8888888[0;5;1;32;43m8[0;1;36;47mS[0;5;1;32;43m@[0;5;37;47m888[0;5;1;32;43m8[0;1;33;47m8[0;1;32;47m8[0;37;40m  [0m
[0;37;40m  [0;33;47m8[0;1;32;47m8[0;5;37;43m8[0;5;37;47m8[0;5;1;33;47m8[0;5;37;47m888[0;5;37;43m8[0;5;37;47m8[0;5;1;33;47m8[0;5;37;47m8[0;5;1;32;43m8[0;5;37;47m8[0;5;1;32;43m8[0;5;37;47m8888[0;5;37;43m8[0;5;37;42m8[0;5;37;47m88[0;1;37;47m [0;5;1;33;42m8[0;1;33;47m@[0;37;40m  [0m
[0;37;40m  [0;33;47m8[0;5;37;43m8[0;1;32;47mX[0;5;37;47m88[0;5;1;37;43m8[0;5;37;47m8[0;5;1;37;43m8[0;5;1;36;47m8[0;5;37;47m8[0;5;1;37;43m8[0;5;37;42m8[0;1;37;47m [0;5;1;32;43m8[0;1;37;47m [0;5;1;33;42m8[0;5;37;43m8[0;5;37;47m8[0;5;1;33;47m8[0;5;37;47m8[0;5;37;43m8[0;5;1;32;43m8[0;5;37;47m88[0;1;33;47m@[0;5;37;42m8[0;37;40m  [0m
[0;37;40m  [0;33;47m8[0;1;32;47m8[0;5;37;43m8[0;5;37;47m8[0;5;1;33;47m8[0;5;1;37;46m8[0;5;1;37;43m@[0;5;1;37;46m8[0;5;1;37;43m@[0;5;37;47m88888[0;5;1;32;43m8[0;1;37;47m [0;5;1;33;42m8[0;5;37;42m8[0;5;37;47m88[0;1;37;47m [0;5;1;32;43m8[0;5;37;47m;8[0;5;37;43m8[0;1;33;47m8[0;37;40m  [0m
[0;37;40m  [0;33;47m8[0;5;37;43m8[0;1;32;47mX[0;5;37;47m8[0;5;1;33;47m8[0;5;37;47m8[0;5;1;37;43m8[0;5;37;47m8[0;5;1;37;43m8[0;5;1;37;46m8[0;5;1;37;43m8[0;5;37;47m8[0;5;1;32;43m@[0;1;37;47m [0;5;1;32;43m8[0;1;37;47m [0;5;37;43m8[0;1;33;47m%[0;5;37;47m88[0;5;1;32;43m8[0;5;37;47m888[0;5;1;33;42m8[0;1;32;47mS[0;37;40m  [0m
[0;37;40m  [0;33;47m8[0;5;1;33;42m8[0;1;37;47m [0;5;37;47m8[0;5;1;33;47m8[0;5;1;32;46m8[0;5;1;33;47m@[0;5;37;47m88[0;5;1;37;43m@[0;5;37;46m8[0;5;1;32;43m@[0;1;37;47m [0;5;1;32;43m8[0;1;37;47m [0;5;1;33;42m8[0;1;37;47m [0;5;37;47m8[0;5;1;33;47m8[0;5;1;36;47m@[0;5;1;32;43m8[0;1;37;47m [0;5;1;33;47m@[0;5;37;47m8[0;1;33;47m@[0;5;37;42m8[0;37;40m  [0m
[0;37;40m  [0;33;47m8[0;1;33;47m8[0;5;37;43m8[0;5;37;47m88[0;5;1;33;47mX[0;5;37;47m8[0;5;1;33;42m88[0;5;37;47m8X8[0;5;1;33;47m8[0;5;37;47m888[0;5;1;33;47m@[0;5;1;36;47m@[0;5;1;37;43m8[0;5;1;33;42m8[0;5;37;47m888[0;5;1;33;42m8[0;1;33;47mS[0;5;37;43m8[0;37;40m  [0m
[0;37;40m  [0;33;47m8[0;5;37;42m8[0;1;33;47m@[0;5;37;47m8[0;5;1;32;43m8[0;5;37;47m8888[0;5;1;33;42m8[0;5;37;43m8[0;5;37;47m88[0;5;1;32;43m8[0;5;37;47m8[0;5;1;33;47m8[0;5;37;42m8[0;5;37;43m8[0;1;32;47m@[0;5;37;47m88[0;5;1;33;47m8[0;1;37;47m [0;5;1;33;42m8[0;1;32;47mS[0;5;37;42m8[0;37;40m  [0m
[0;37;40m  [0;33;47m8[0;5;1;32;43m8[0;5;37;42m8[0;5;37;43m8[0;5;37;42m8[0;5;1;33;42m8[0;1;37;47m [0;5;1;33;47m8[0;5;37;47m888[0;5;1;33;42m8[0;1;37;47m [0;1;33;47mS[0;5;1;33;42m8[0;5;37;47m8888[0;5;1;33;47m8[0;5;37;47m8[0;5;1;33;42mX[0;5;37;43m8[0;1;32;47mX[0;5;37;43m8[0;5;37;42m8[0;37;40m  [0m
[0;37;40m  [0;37;43mX[0;1;32;47m8[0;5;1;32;43m8[0;5;37;42m8[0;1;33;47m8[0;5;37;42m8[0;5;1;33;42m8[0;5;37;42m8[0;5;37;43m8[0;1;32;47mS[0;5;37;47m888888[0;5;1;37;43m8[0;5;37;42m8[0;5;1;33;47m8[0;5;32;42m [0;5;1;33;42m8[0;1;32;47mX[0;5;1;33;42m@[0;5;37;42m8[0;5;1;33;42m8[0;1;33;47m8[0;37;40m  [0m
[0;37;40m  [0;1;32;43m8[0;37;43m@[0;5;33;42m.[0;33;47m8[0;5;33;42m [0;5;37;43mX[0;5;33;42m;[0;1;33;47m8[0;5;32;42m [0;5;1;32;43m8[0;5;1;33;42mX@88@X[0;5;37;42m8[0;5;1;33;42m8[0;5;37;42m8[0;1;33;47m8[0;5;33;42m.[0;1;33;47m8[0;5;33;42m:[0;1;33;47m8[0;5;33;42m%[0;37;43mX[0;37;40m  [0m
[0;37;40m  [0;33;42m8[0;1;32;43m8[0;37;43mX[0;5;33;42m;[0;1;30;43m8[0;5;33;42m%[0;1;30;43m8[0;5;33;42m;[0;37;43mX[0;5;33;42mt[0;33;47m8[0;5;33;42m:[0;33;47m8[0;5;37;42m8[0;1;32;47m8[0;5;33;42mt[0;37;43m@[0;5;33;42m:[0;1;32;43m88[0;1;30;43m8[0;5;33;42m;[0;1;30;43m8[0;5;33;42m%[0;1;30;43m8[0;1;32;42m8[0;37;40m  [0m
[0;37;40m                              [0m
