[0;37;40m                                        [0m
[0;37;40m                                        [0m
[0;37;40m   [0;1;33;47mX[0;33;47m8[0;1;33;47m8[0;33;47m8[0;1;33;47m8[0;33;47m8[0;1;33;47m8[0;33;47m8[0;1;33;47m8[0;33;47m8[0;1;33;47m8[0;33;47m8[0;1;33;47m8[0;33;47m8[0;1;33;47m8[0;33;47m8[0;1;33;47m8[0;33;47m8[0;1;33;47m8[0;33;47m8[0;1;33;47m8[0;33;47m8[0;1;33;47m8[0;33;47m8[0;1;33;47m8[0;33;47m8[0;1;33;47m8[0;33;47m8[0;1;33;47m8[0;37;43m8[0;1;33;47m8[0;33;47m8[0;1;33;47m8[0;33;47m8[0;5;33;40mt[0;37;40m  [0m
[0;37;40m  [0;5;33;40m%[0;33;47m8[0;5;1;33;42m8[0;1;32;47m8[0;5;37;43m@[0;5;33;42m [0;1;33;47m8[0;5;33;42m [0;1;33;47m8[0;5;37;42m8[0;5;37;43m8[0;5;33;42m [0;1;33;47m@[0;5;37;42m8[0;1;33;47m8[0;1;32;47mX[0;1;37;47m  [0;5;37;47m8[0;1;33;47mS[0;1;37;47m  [0;5;37;43m8[0;5;37;42m8[0;1;33;47m8[0;5;33;42m [0;1;33;47m8[0;5;37;42m8[0;5;37;43m@[0;5;33;42m [0;1;33;47m@[0;5;37;42m8[0;5;1;32;43m8[0;1;32;47m@[0;5;37;43m8[0;5;36;40m;[0;37;40m  [0m
[0;37;40m  [0;5;33;40m%[0;1;33;47m8[0;1;32;47m8[0;1;33;47m8[0;1;32;47m8[0;1;33;47m88@[0;1;32;47m8[0;5;37;43m8[0;1;32;47m@[0;1;37;47mSS[0;5;37;47m888[0;5;1;33;47m8[0;5;37;47m8[0;5;1;33;47m8[0;5;37;47m8[0;5;1;33;47mX[0;5;37;47m88888[0;1;33;47m8[0;1;32;47m8[0;1;33;47m8@[0;5;37;42m8[0;1;33;47m8[0;33;47m8[0;5;37;42m8[0;5;37;43m8[0;5;36;40m:[0;37;40m  [0m
[0;37;40m  [0;5;33;40mS[0;33;47m8[0;5;1;32;43m8[0;33;47m8[0;5;37;43m8[0;5;37;42m8[0;1;32;47m8[0;1;33;47m8[0;1;32;47m8[0;1;37;47m.[0;5;37;47m8[0;5;1;33;47m8[0;5;37;47m8[0;5;1;33;47m8[0;5;37;47m8[0;5;37;43m8[0;1;37;47m [0;5;1;32;43m8[0;1;36;47mS[0;5;1;32;43m8[0;1;37;47m [0;5;1;32;43m8[0;5;37;47m8[0;5;1;33;47m8[0;5;37;47m8888[0;1;33;47m@[0;5;37;42m8[0;1;33;47m8[0;5;37;42m8[0;5;37;43m8[0;1;32;47m8[0;5;37;43m8[0;1;32;46m8[0;37;40m  [0m
[0;37;40m  [0;5;33;40mS[0;1;33;47m8[0;1;32;47m8[0;1;33;47m8[0;1;36;47mS[0;1;33;47mS[0;5;37;43m8[0;1;32;47m8[0;5;37;47mS@[0;5;1;33;47m8[0;5;37;47m8[0;5;37;43m8[0;5;37;42m8[0;5;37;43m8[0;5;37;42m8[0;5;1;33;47m8[0;1;37;47m [0;5;1;33;47m8[0;5;37;47m8[0;5;37;43m8[0;5;37;46m8[0;5;1;32;43m8[0;1;32;47mX[0;5;1;32;43m8[0;5;37;47m8[0;5;1;33;47m8[0;5;37;47m888[0;5;37;43m8[0;1;32;47m8[0;5;37;43m8[0;5;37;42m8[0;1;33;47m8[0;1;30;43m8[0;37;40m  [0m
[0;37;40m  [0;5;33;40mX[0;33;47m8[0;5;1;33;42m8[0;1;33;47m8[0;1;37;47m [0;5;37;47m888[0;5;37;43m8[0;5;37;47m8[0;5;37;43m8[0;5;37;42m8[0;1;33;47m%[0;1;37;47m [0;5;37;47m888[0;5;1;33;47m@[0;5;1;36;47m8[0;5;1;33;47m8[0;5;37;47m8888[0;5;37;43m8[0;5;37;42m8[0;5;37;43m8[0;1;37;47m [0;5;1;33;47mX[0;5;37;47m88[0;5;1;32;43m8[0;1;33;47mS[0;1;32;47m8[0;5;37;43m8[0;5;36;40mt[0;37;40m  [0m
[0;37;40m  [0;5;33;40mX[0;1;33;47m8[0;1;32;47m8[0;1;33;47m8[0;5;37;47m88[0;5;1;37;43m8[0;5;37;47m8888[0;5;37;43m8[0;5;37;47m88[0;5;1;33;47m8[0;5;37;47m8[0;5;1;33;47m8[0;5;1;32;46m8[0;5;1;37;43m@[0;1;36;47mS[0;5;1;37;43m@[0;5;37;47m8[0;5;1;33;47m@[0;5;37;47m888[0;5;1;33;42m8[0;1;33;47mS%[0;5;37;47m888[0;5;1;33;42m8[0;1;33;47mX[0;5;37;42m8[0;1;30;43m8[0;37;40m  [0m
[0;37;40m  [0;5;33;40mX[0;33;47m8[0;5;1;33;42m8[0;1;32;47m8[0;5;37;47m8[0;5;1;33;47m8[0;5;1;36;47m8[0;5;1;37;43m@[0;5;37;47m8[0;5;1;37;43m8[0;5;1;36;47m8[0;5;37;47m8[0;5;1;33;47m8[0;5;37;47m8[0;5;1;32;43m8[0;1;36;47mX[0;5;1;32;43m8[0;5;37;43m8[0;1;32;47m8[0;5;1;32;43m@[0;1;32;47mX[0;5;1;33;42m8[0;1;33;47mS[0;5;37;47m8[0;5;1;33;47m@[0;5;37;47m88[0;5;1;33;42m8[0;1;33;47mS[0;5;37;47m8[0;5;1;33;47m8[0;5;37;47m8[0;1;37;47m [0;5;1;32;43m8[0;1;33;47mS[0;5;33;40m:[0;37;40m  [0m
[0;37;40m  [0;5;33;40m@[0;33;47m8[0;1;33;47m8[0;5;1;33;42m8[0;5;37;47m88[0;5;1;37;43m8[0;5;1;37;46m8[0;5;1;37;43m@[0;5;1;36;47m8[0;5;1;37;43mX[0;5;37;47m8[0;5;1;33;47m8[0;5;1;36;47m8[0;5;37;47m888[0;5;37;43m8[0;1;33;47mS[0;1;32;47mX[0;5;37;43m8[0;1;36;47mS[0;5;1;33;42m8[0;5;1;32;43m8[0;5;37;47m8888[0;5;1;33;42m@8[0;5;37;47m:88[0;5;1;33;42m8[0;1;33;47mX[0;5;33;42m@[0;37;40m  [0m
[0;37;40m  [0;5;33;40m@[0;1;32;47m8[0;1;33;47m8[0;1;32;47m8[0;5;37;47m8[0;5;1;33;47m8[0;5;37;47m8[0;5;1;37;43m8[0;5;1;36;47m8[0;5;1;37;43m@[0;5;1;36;47m8[0;5;1;32;43m@[0;5;37;47m8[0;5;1;37;43m8[0;5;37;47m8[0;5;1;37;43m8[0;5;37;47m888[0;1;33;47mS[0;5;1;33;42m8[0;1;33;47mSS[0;1;32;47mX[0;5;37;43m8[0;5;37;47m8[0;5;1;33;47m@[0;5;37;47m8[0;5;1;33;42m8[0;1;37;47m [0;5;37;47m8[0;5;1;33;47m8[0;5;37;47m8[0;5;37;42m8[0;1;33;47m@[0;5;36;40m [0;37;40m  [0m
[0;37;40m  [0;5;33;40m8[0;33;47m8[0;5;1;33;42m8[0;1;33;47m8[0;1;37;47m [0;5;37;47m8[0;5;1;37;43m8[0;5;1;37;46m8[0;5;1;37;43m@[0;5;37;47m8[0;5;1;37;43m8[0;5;1;36;47m@[0;5;1;33;47m8[0;5;1;36;47m8[0;5;1;37;43m8[0;5;1;36;47m8[0;5;1;33;47m@[0;5;37;47m8[0;5;1;33;42m8[0;1;37;47m [0;5;37;43m8[0;5;37;42m8[0;1;33;47m@[0;5;37;42m8[0;1;37;47m [0;5;37;47m8[0;5;1;33;47m@[0;5;37;47m8[0;5;37;42m8[0;5;37;43m8[0;5;37;47m888[0;5;1;32;43m8[0;1;32;47mX[0;1;30;43m8[0;37;40m  [0m
[0;37;40m  [0;5;33;40m8[0;33;47m8[0;1;33;47m8[0;5;37;42m8[0;5;37;47m88[0;5;1;37;43m8[0;5;37;47m8[0;5;1;37;43m8[0;5;1;37;46m8[0;5;1;37;43m8[0;5;37;47m88[0;5;1;33;47m8[0;5;37;47m8[0;5;1;32;43m8[0;1;32;47mX[0;5;1;32;43m8[0;1;37;47m [0;5;1;33;42m8[0;1;37;47m [0;5;1;32;43m8[0;1;37;47m [0;5;37;43m8[0;5;37;47m8[0;5;1;33;47m@[0;5;1;36;47m8[0;5;1;32;43m@[0;1;37;47m [0;5;37;43m8[0;5;1;36;47mX[0;5;1;33;47m8[0;5;37;47m8[0;5;1;33;42m8[0;1;33;47mX[0;5;33;42m8[0;37;40m  [0m
[0;37;40m  [0;5;33;40m8[0;5;37;42m8[0;1;33;47m8[0;5;1;33;42m8[0;5;37;47m88[0;5;1;33;47m8[0;5;1;32;46m8[0;5;1;33;47m@[0;5;37;47m88[0;5;1;37;43m8[0;5;1;36;42m8[0;5;37;47m888[0;5;1;32;43m8[0;1;37;47m [0;5;1;32;43m8[0;1;37;47m [0;5;1;32;43m8[0;1;37;47m  [0;5;37;47m8[0;5;1;33;47m@[0;5;1;36;47m@[0;5;1;37;43m8[0;1;32;47mX[0;5;1;32;43m8[0;5;37;47m;88[0;5;1;33;42m8[0;1;37;47m [0;5;1;32;43m8[0;5;37;40mX[0;37;40m  [0m
[0;37;40m  [0;5;33;40m8[0;33;47m8[0;5;37;42m8[0;1;33;47m8[0;1;37;47m.[0;5;1;33;47m@[0;5;37;47m8@8[0;5;37;43m8[0;5;1;33;42m@[0;1;37;47m [0;5;37;43m8[0;5;37;47m8[0;5;1;33;47m8[0;5;37;47m8888888[0;5;1;33;47m8[0;5;1;36;47mX[0;5;1;33;47m8[0;5;1;32;43m8[0;1;36;47mS[0;5;37;43m8[0;5;37;47mX8[0;5;1;33;47m@[0;5;37;47m8[0;5;1;33;42m8[0;1;33;47mX[0;1;32;47m@[0;1;30;43m8[0;37;40m  [0m
[0;37;40m  [0;5;33;40m8[0;1;33;47m8[0;5;37;42m8[0;5;37;43m8[0;5;37;47m88[0;5;37;43m8[0;5;1;32;43m8[0;5;37;47m888[0;5;1;37;43m8[0;5;37;42m8[0;5;1;32;43m8[0;1;37;47m [0;5;1;33;47m8[0;5;37;47m88[0;5;1;33;47m8[0;5;37;47m8[0;5;1;33;47m@[0;5;37;47m8[0;5;1;37;43m8[0;5;1;33;42m8[0;1;37;47m [0;1;33;47m@X[0;5;37;47m888[0;5;1;32;43m8[0;1;32;47mS[0;1;33;47m@[0;5;37;42m8[0;5;37;43m8[0;1;30;46m8[0;37;40m  [0m
[0;37;40m  [0;5;33;40m8[0;37;43m@[0;5;37;43m8[0;5;37;42m8[0;5;1;33;42m8[0;5;37;42m8[0;1;33;47mS[0;5;37;42m8[0;5;1;37;43m8[0;5;37;47m88888[0;5;1;33;42m8[0;5;37;42m8[0;5;1;32;43m8[0;5;37;42m8[0;5;1;32;43m8[0;1;32;47mX[0;5;1;33;42m8[0;5;37;42m8[0;1;33;47m%[0;1;37;47m [0;5;1;33;47m8[0;5;1;36;47m8[0;5;37;47m8[0;5;1;33;47m8[0;5;37;47m8[0;5;1;33;42m8[0;5;37;47m8[0;5;1;33;42m8[0;1;33;47m@[0;5;37;42m8[0;5;37;43m8[0;32;43m8[0;37;40m  [0m
[0;37;40m  [0;5;33;40m8[0;5;33;42m:[0;1;33;47m8[0;5;37;42m8[0;1;33;47m8[0;5;1;33;42m8[0;1;33;47mX[0;5;37;42m8[0;5;1;33;42m8[0;5;37;42m8[0;5;37;43m8[0;5;37;47m88[0;5;1;33;47m@[0;5;37;47m@88888888[0;5;1;33;47m@[0;5;1;36;47m8[0;5;1;37;43m8[0;5;37;47m8[0;5;1;33;42m8[0;1;32;47mS[0;5;1;32;43m8[0;5;37;42m8[0;1;33;47m8[0;5;37;42m8[0;5;37;43m@[0;5;36;42m [0;5;33;40m [0;37;40m  [0m
[0;37;40m  [0;5;32;40mX[0;37;43mX[0;5;33;42m [0;1;33;47m8[0;5;33;42m;[0;1;33;47m@[0;5;33;42m [0;1;33;47m@[0;1;32;47m8[0;5;37;43m8[0;5;36;42m [0;5;1;32;43m8[0;5;37;42m8[0;5;37;47m88[0;5;1;33;47m8[0;5;37;47m88[0;5;1;33;47m8[0;5;37;47m8[0;5;1;33;47m8[0;5;37;47m8[0;5;1;33;47m8[0;5;1;36;47m8[0;5;1;32;43m@[0;1;32;47mX[0;5;1;33;42m8[0;1;33;47mS[0;5;1;33;42m@[0;1;32;47mS[0;5;1;33;42m8[0;1;32;47m8[0;5;33;42m [0;1;33;47m8[0;33;47m8[0;32;43m8[0;37;40m  [0m
[0;37;40m  [0;1;30;42m8[0;1;33;43m:[0;33;47m8[0;5;33;42m.[0;33;47m8[0;1;32;43m8[0;1;33;47m8[0;5;33;42m:[0;1;33;43m:[0;5;37;42m8[0;1;33;47m8[0;5;33;42m [0;5;37;43m8[0;5;32;42m [0;5;1;33;42m8[0;5;33;42m [0;5;1;32;43m8[0;5;1;33;42m@[0;5;37;42m8[0;5;1;33;42m8@X[0;5;33;42m [0;5;1;32;43m8[0;1;32;47m8[0;5;1;33;42m8[0;1;32;47m8[0;5;33;42m [0;1;33;47m8[0;5;33;42m:[0;33;47m8[0;5;33;43m.[0;1;32;43m8[0;5;33;42m;[0;33;47m8[0;33;42m8[0;37;40m  [0m
[0;37;40m  [0;32;40m8[0;5;33;42m;[0;1;33;43mt:[0;5;1;33;42m8[0;1;32;43m88[0;33;47m8[0;5;33;42m [0;1;33;43m:[0;5;33;42m [0;33;47m8[0;5;33;42m:[0;1;33;43m%[0;1;32;47m8[0;1;33;43m.[0;5;37;42m8[0;5;33;42m.[0;1;33;47m8[0;5;33;42m;[0;33;47m8[0;5;33;42m [0;33;47m8[0;5;33;42m;[0;1;33;43mt[0;5;33;42m:[0;33;47m8[0;1;32;43m88[0;33;47m8[0;5;33;42m [0;1;30;43m8[0;1;32;47m8[0;1;33;43m.[0;5;33;42m [0;5;33;40m8[0;37;40m  [0m
[0;37;40m   [0;32;40mX[0;1;30;42m8[0;33;42m8[0;5;32;40mX[0;1;30;43m8[0;33;42mX8[0;1;30;43m8[0;33;42m8[0;5;33;40m8[0;33;42m8[0;1;30;43m8[0;1;30;42m@[0;32;43m8[0;5;32;40mX[0;1;30;43m8[0;5;33;40m8[0;1;30;42m8[0;1;30;43m8[0;33;42m8[0;5;33;40m@[0;32;43m8[0;5;33;40m8[0;1;30;42m8[0;1;30;43m@[0;33;42m@[0;1;30;43m8[0;33;42m@8[0;1;30;43m@[0;33;42m%88[0;5;32;40m@[0;37;40m   [0m
[0;37;40m                                        [0m
