[0;37;40m                                                            [0m
[0;37;40m                                                            [0m
[0;37;40m      [0;1;30;47mS[0;33;47mX[0;1;30;47m;[0;33;47mX[0;1;30;47m;[0;33;47mX[0;1;30;47m;[0;33;47mX[0;1;30;47m;[0;33;47mX[0;1;30;47m;[0;33;47mX[0;1;30;47m;[0;33;47mX[0;1;30;47m;[0;33;47mX[0;1;30;47m;[0;33;47mX[0;1;30;47m;[0;33;47mX[0;1;30;47m;[0;33;47mX[0;1;30;47m;[0;33;47mX[0;1;30;47m;[0;33;47mX[0;1;30;47m;[0;33;47mX[0;1;30;47m;[0;33;47mX[0;1;30;47m;[0;33;47mX[0;1;30;47m;[0;33;47mX[0;1;30;47m;[0;33;47mX[0;1;30;47m;[0;33;47mX[0;1;30;47m;[0;33;47mX[0;1;30;47m;[0;33;47mX[0;1;30;47m;[0;33;47mX[0;1;30;47m;[0;33;47mX[0;1;30;47m;[0;33;47m@[0;37;40m      [0m
[0;37;40m    [0;1;30;47m:[0;1;33;47m88[0;5;37;42m8[0;5;37;43m8[0;1;33;47m8[0;5;1;33;42m8[0;1;33;47m@[0;1;32;47m8[0;5;37;43m@[0;1;32;47m8[0;5;37;43m@[0;1;32;47m8[0;5;37;43m@[0;1;32;47m8[0;5;37;43m@[0;1;32;47m8[0;5;37;43m@[0;1;32;47m8[0;5;37;43m8[0;1;32;47m8[0;5;37;43m@[0;1;32;47m8[0;5;37;43m8[0;1;32;47m8[0;5;37;43m@[0;1;32;47m8[0;5;37;43m8[0;1;32;47m8[0;5;37;43m@[0;1;32;47m8[0;5;37;43m8[0;1;32;47m8[0;5;37;43m@[0;1;32;47m8[0;5;37;43m@[0;1;32;47m8[0;5;37;43m@[0;1;32;47m8[0;5;37;43m@[0;1;32;47m8[0;5;37;43m@[0;5;37;42m8[0;5;37;43m8[0;1;33;47m8[0;5;37;42m8[0;5;37;43m8[0;1;32;47m8[0;5;37;43m@[0;1;32;47m8[0;1;33;47m@[0;1;37;47m [0;37;40m    [0m
[0;37;40m    [0;1;33;47mS[0;5;37;42m8[0;1;33;47m8[0;33;47m8[0;5;1;33;42m8[0;33;47mX[0;1;32;47m8[0;5;37;43m8[0;5;37;42m8[0;5;37;43m8[0;5;37;42m8[0;5;37;43m8[0;5;37;42m8[0;1;33;47m8[0;5;37;42m@[0;5;37;43m8[0;1;32;47m8[0;5;37;43m8[0;5;37;42m8[0;5;37;43m8[0;5;37;42m8[0;1;33;47m8[0;5;1;33;42m8[0;1;33;47m@[0;1;32;47m8[0;5;37;43m8[0;5;37;42m8[0;5;37;43m8[0;5;37;42m8[0;1;33;47m8[0;5;1;33;42m8[0;1;33;47m@[0;5;37;42m8[0;5;37;43m8[0;1;32;47m8[0;5;37;43m8[0;5;37;42m8[0;5;37;43m8[0;5;37;42m8[0;1;33;47m8[0;5;37;42m@[0;5;37;43m8[0;33;47m8[0;5;37;42m8[0;5;37;43m8[0;5;37;42m8[0;5;37;43m8[0;5;37;42m8[0;5;37;43m8[0;1;32;47m8[0;5;37;43m@[0;1;32;47m8[0;5;33;40m%[0;37;40m   [0m
[0;37;40m    [0;1;33;47m@[0;33;47m8[0;5;1;33;42m8[0;1;33;47m@[0;1;32;47m8[0;5;37;43m8[0;5;37;42m8[0;1;33;47m8[0;5;37;42m8[0;1;33;47m8[0;1;32;47m8[0;5;37;43m8[0;1;32;47m8[0;5;37;43m@[0;1;32;47m8[0;1;33;47m8[0;5;37;42m8[0;1;33;47m8[0;1;32;47m8[0;1;33;47m88[0;1;37;47m  [0;5;37;47m888888888[0;1;37;47m;[0;1;33;47m@8[0;5;37;42m8[0;1;33;47m8[0;1;32;47m8[0;5;37;43m8[0;5;37;42m8[0;5;37;43m8[0;5;37;42m8[0;5;37;43m8[0;5;37;42m8[0;1;33;47m8[0;1;32;47m8[0;5;37;43m@[0;1;32;47m8[0;1;33;47m8[0;5;33;42m [0;1;33;47m@8[0;5;33;40m%[0;37;40m   [0m
[0;37;40m    [0;1;33;47m@[0;1;32;47m8[0;1;33;47m8[0;5;37;42m8[0;1;33;47m8[0;5;37;42m8[0;5;37;43m8[0;5;37;42m8[0;5;37;43m8[0;1;32;47m8[0;5;37;43m@[0;5;37;42m8[0;1;33;47m8[0;5;37;42m8[0;5;37;43m8[0;1;32;47m8[0;5;37;43m8[0;1;33;47mX[0;1;37;47m.[0;5;37;47m888[0;5;1;33;47m@[0;5;37;47m8[0;5;1;37;43m8[0;5;37;47m8[0;5;1;37;43m8[0;5;37;47m8[0;5;1;33;47m8[0;5;37;47m8[0;5;37;43m8[0;5;37;47m888888[0;5;37;43m8[0;1;32;47m@[0;1;33;47m8[0;1;32;47m8[0;1;33;47m8[0;1;32;47m8[0;5;37;43m8[0;5;37;42m8[0;5;37;43m8[0;5;37;42m8[0;5;37;43m8[0;1;32;47m8[0;1;33;47m8[0;5;37;42m8[0;1;33;47m8[0;5;32;40mX[0;37;40m   [0m
[0;37;40m    [0;1;33;47m@[0;33;47m8[0;5;1;33;42m8[0;1;33;47m@[0;5;37;42m8[0;5;37;43m8[0;1;32;47m8[0;1;33;47m8[0;1;32;47m8[0;5;37;43m8[0;1;32;47m8[0;1;33;47m8[0;1;32;47m8[0;1;33;47m88[0;1;37;47m [0;5;37;47m888[0;5;1;33;47m8[0;5;37;47m8[0;5;1;33;47m@[0;5;37;47m8888888888[0;5;1;33;47m@[0;5;37;47m8[0;5;1;33;47m8[0;5;37;47m88888[0;5;1;32;43m8[0;1;33;47m@[0;1;32;47m8[0;5;37;43m8[0;1;32;47m8[0;1;33;47m8[0;5;37;42m8[0;1;33;47m8[0;5;33;42m:[0;1;33;47m@8[0;5;37;42m8[0;5;33;40mt[0;37;40m   [0m
[0;37;40m    [0;1;33;47m@[0;1;32;47m8[0;1;33;47m8[0;5;37;42m8[0;1;33;47m8[0;1;32;47m8[0;5;37;43m8[0;5;37;42m8[0;1;33;47m8[0;5;37;42m8[0;1;33;47m8[0;1;32;47m8[0;5;37;43m8[0;1;37;47m.[0;5;37;47m888[0;5;1;33;47m8[0;5;37;47m88[0;5;1;33;47m8[0;5;37;46m8[0;5;1;32;43m@[0;5;37;43m8[0;5;1;33;42m@[0;1;32;47m@[0;5;1;32;43m8[0;5;1;33;42m8[0;5;37;43m8[0;5;1;33;42m@[0;1;33;47mX[0;5;1;33;42m8[0;1;37;47m [0;5;1;37;43m8[0;5;1;37;46m8[0;5;1;37;43m8[0;5;37;47m8[0;5;1;33;47m@[0;5;37;47m8888[0;5;37;43m8[0;5;37;42m8[0;1;33;47m8[0;5;37;42m8[0;5;37;43m8[0;33;47m8[0;1;33;47m8[0;5;37;42m8[0;1;33;47m88[0;5;32;40mS[0;37;40m   [0m
[0;37;40m    [0;33;47m@[0;5;37;43m8[0;5;37;42m8[0;1;33;47m8[0;5;37;42m8[0;1;33;47m@[0;1;37;47m [0;5;37;43m8[0;1;32;47m8[0;5;37;43m8[0;1;32;47m8[0;1;37;47m@[0;5;37;47m88[0;5;1;33;47m8[0;5;37;47m888[0;5;1;33;42m8[0;1;33;47mX[0;5;1;33;42m@[0;5;37;43m8[0;1;36;47mS[0;5;1;32;43m8[0;1;37;47m [0;5;37;43m8[0;1;37;47m  [0;1;32;47mS[0;1;37;47m [0;5;1;32;43m8[0;1;37;47m [0;5;1;33;42m8[0;1;33;47mX[0;5;1;33;42m8[0;1;33;47mS[0;5;1;33;42m8[0;5;37;47m88[0;5;1;33;47m8[0;5;37;47m888[0;1;37;47m:[0;5;37;43m8[0;1;32;47m8[0;1;33;47m8[0;5;37;42m8[0;5;37;43m8[0;1;32;47m8[0;5;1;32;43m8[0;33;47mX[0;5;33;40mS[0;37;40m   [0m
[0;37;40m    [0;33;47m@[0;1;33;47m8[0;5;37;42m8[0;5;37;43m8[0;1;33;47m8S[0;5;37;47mS88[0;1;33;47mX[0;5;37;43m8[0;1;37;47m [0;5;37;47mX88[0;5;1;33;47m@[0;5;1;33;42m8[0;1;37;47m [0;5;1;32;43m8[0;1;37;47m [0;1;33;47mS%[0;5;37;47m888888@8S88[0;1;37;47m [0;5;37;43m8[0;1;36;47m@[0;5;37;43m8[0;5;1;33;42m8[0;1;37;47m [0;5;37;47m8[0;5;1;33;47m@[0;5;37;47m8[0;5;1;33;47m8[0;5;37;47m88[0;5;1;33;42m8[0;1;33;47m@[0;1;32;47m8[0;5;37;43m8[0;1;32;47m8[0;1;33;47m8[0;1;32;47m8[0;5;33;40mX[0;37;40m   [0m
[0;37;40m    [0;33;47m@[0;5;37;43m8[0;1;32;47m88[0;5;1;32;43m8[0;1;37;47m [0;5;37;47mS8888[0;5;1;33;47m8[0;5;37;43m8[0;1;37;47m [0;5;1;32;43m8[0;1;37;47m [0;5;1;32;43m8[0;1;37;47m [0;5;37;43m8[0;5;1;36;47m8[0;5;37;47m88[0;5;1;33;47m@[0;5;37;47m8[0;5;1;33;47m8[0;5;1;36;47m@[0;5;1;33;47m8X[0;5;37;47m8[0;5;1;33;47m@[0;5;37;47m8[0;5;1;33;47m8[0;5;37;47m888[0;5;1;33;47m8[0;5;37;42m8[0;1;37;47m [0;5;1;32;43m8[0;5;1;33;42m8[0;5;37;47m888[0;5;1;33;47m8[0;5;37;47m88[0;5;1;33;42m8[0;1;33;47mX[0;5;37;42m8[0;5;37;43m8[0;5;37;42m8[0;1;33;47m8[0;5;32;40mX[0;37;40m   [0m
[0;37;40m    [0;33;47m@[0;1;32;47m8[0;5;37;43mX[0;33;47m8[0;1;33;47m8[0;1;37;47m [0;5;37;47m@[0;5;1;33;47m88[0;5;37;47m888888[0;5;1;32;43m8[0;5;37;47m8[0;5;1;33;42m8[0;5;37;47m.8[0;5;1;33;47m8[0;5;37;47m8888[0;5;1;37;43m8[0;5;1;36;47m8[0;5;37;43m8[0;5;37;47m8[0;5;1;33;47m8[0;5;1;36;47m8[0;5;37;47m8[0;5;1;33;47m@[0;5;1;36;47m@[0;5;1;37;43m8[0;5;37;47m8@[0;5;1;33;47m8[0;1;32;47mS[0;1;33;47mS[0;5;1;33;42m8[0;5;37;47m888[0;5;1;33;47m8[0;5;37;47m@8[0;5;1;33;42m8[0;1;33;47mX[0;1;32;47m8[0;5;37;43m8[0;1;32;47m8[0;5;33;40mX[0;37;40m   [0m
[0;37;40m    [0;33;47m@[0;5;37;43m8[0;5;37;42m8[0;5;37;43m8[0;5;37;42m8[0;5;1;37;43m8[0;5;37;47m%8[0;5;1;36;47m8[0;5;1;32;43mX[0;5;37;47m8[0;5;1;33;47m8[0;5;1;36;47m8[0;5;1;33;47m8[0;5;37;47m8t88[0;5;37;43m8[0;5;37;47m888[0;5;1;32;43m88[0;1;36;47mS[0;5;1;33;42m8[0;5;37;43m8[0;5;1;36;42m@[0;5;1;32;43m@[0;5;37;42m8[0;5;37;43m8[0;5;1;33;42m8[0;5;37;47m8[0;5;1;33;47m@[0;5;1;36;47m@[0;5;1;33;47m8[0;5;37;47m888[0;5;1;33;42m8[0;1;37;47m [0;5;1;33;42m8[0;5;37;47m88[0;5;1;36;47m8[0;5;1;33;47m8[0;5;37;47m@[0;1;37;47m [0;5;1;32;43m8[0;1;33;47m@[0;5;37;42m8[0;1;33;47m8[0;5;32;40m@[0;37;40m   [0m
[0;37;40m    [0;33;47m8[0;1;33;47m8[0;5;37;42m8[0;1;33;47m8[0;5;37;42m8[0;1;37;47m [0;5;37;47m8[0;5;1;33;47m88[0;5;1;36;47m@[0;5;1;37;43m8[0;5;1;36;47m8[0;5;1;37;43m@[0;5;1;36;47m8[0;5;1;37;43m8[0;5;1;36;47m@[0;5;1;33;47m8[0;5;37;47m888[0;5;1;32;43m8[0;5;37;47m8[0;5;37;42m8[0;5;37;47m8[0;5;1;32;43m8[0;1;37;47m [0;5;1;32;43m8[0;1;37;47m:[0;5;37;43m8[0;1;33;47mS[0;5;37;42m8[0;1;33;47mS[0;5;1;33;42m8[0;1;33;47mS[0;5;37;47m88[0;5;1;33;47m8[0;5;37;47m888[0;5;1;33;42m8[0;1;33;47mX[0;5;1;33;42m8[0;5;37;47m8[0;5;1;33;47m8[0;5;37;47m888[0;5;37;42m8[0;1;33;47m8[0;1;32;47m8[0;5;37;43m8[0;5;32;40m@[0;37;40m   [0m
[0;37;40m    [0;33;47m8[0;5;37;43m8[0;5;37;42m8[0;1;33;47m8[0;5;37;43m8[0;1;37;47m [0;5;37;47m88[0;5;1;33;47m8[0;5;37;47m8[0;5;1;37;43m8[0;5;1;36;47m8[0;5;1;37;43m@[0;5;37;47m8[0;5;1;37;43m8[0;5;37;47m8[0;5;1;33;47m8[0;5;1;37;46m8[0;5;1;37;43m8[0;5;37;47m8888[0;5;1;32;43m8[0;1;37;47m [0;5;1;32;43m8[0;1;37;47m [0;5;1;32;43m8[0;1;36;47mS[0;5;1;32;43m8[0;1;37;47m [0;5;37;43m8[0;1;32;47mX[0;5;1;33;42m8[0;1;33;47m@[0;5;37;47m88[0;5;1;33;47m8[0;5;37;47m88[0;5;37;43m8[0;1;32;47mX[0;5;37;43m8[0;5;37;42m8[0;5;37;47mS[0;5;1;33;47m8[0;5;37;47m88[0;5;37;43m8[0;5;37;42m8[0;5;37;43m8[0;1;32;47m8[0;5;33;40m@[0;37;40m   [0m
[0;37;40m    [0;33;47m8[0;1;33;47m8[0;5;37;42m8[0;1;33;47m8[0;5;37;42m8[0;5;1;37;43m8[0;5;37;47mX8[0;5;1;33;47m8[0;5;1;32;46m8[0;5;1;33;47m@8[0;5;1;36;47m8[0;5;1;37;43m8[0;5;1;37;46m8[0;5;1;37;43m8[0;5;1;36;47m8[0;5;1;37;43mX[0;5;1;36;47m8[0;5;1;37;43m8[0;5;1;36;47m@[0;5;1;37;43m8[0;5;37;47m8X88[0;5;37;43m8[0;1;32;47mS[0;5;37;43m8[0;1;32;47mS[0;5;1;32;43m8[0;1;36;47m%[0;5;37;43m8[0;1;32;47mS[0;5;1;33;42m8[0;1;33;47mX[0;5;1;36;47mX[0;5;1;33;47m@[0;5;1;36;47m8[0;5;37;47m8[0;5;1;33;47m8[0;5;37;42m8[0;1;33;47mX[0;5;37;43m8[0;5;37;47m@8[0;5;1;33;47m8[0;5;37;47m@[0;1;37;47m [0;5;1;32;43m8[0;1;32;47mX[0;5;37;43m8[0;5;32;40m8[0;37;40m   [0m
[0;37;40m   [0;5;30;40m8[0;1;33;47m8[0;5;33;42m [0;1;33;47m@[0;5;37;42m8[0;5;37;43m8[0;1;36;47mS[0;5;37;47m8[0;5;1;33;47m8[0;5;1;36;47m8[0;5;1;33;47m8[0;5;37;47m8[0;5;1;37;43m8[0;5;37;47m8[0;5;1;32;43m8[0;5;37;47m8[0;5;1;33;47m88[0;5;37;47m8[0;5;1;37;43m8[0;5;1;36;47m8[0;5;1;37;43m8[0;5;37;47m8[0;5;1;33;47m8[0;5;37;47m8[0;5;1;33;47m@[0;5;37;47m8t8[0;1;33;47mX[0;1;32;47m@[0;5;37;43m8[0;5;37;42m8[0;1;33;47m@X[0;1;32;47mX[0;5;1;32;43m8[0;5;37;47m88[0;5;1;37;43m8[0;5;37;47m88[0;5;1;33;42m8[0;1;33;47mS[0;5;37;42m8[0;5;37;47m88[0;5;1;33;47m8[0;5;1;36;47mS[0;5;1;37;43m8[0;1;32;47m@[0;5;37;43m8[0;5;37;42m8[0;5;33;40m%[0;37;40m   [0m
[0;37;40m   [0;5;30;40m8[0;1;33;47m88[0;33;47m8[0;5;37;43m8[0;5;37;42m8[0;5;37;43m8[0;5;37;47m:8[0;5;1;37;43m8[0;5;37;47m8[0;5;1;37;43m8[0;5;1;37;46m@[0;5;1;33;47m8[0;5;1;36;47m@[0;5;1;33;47m8[0;5;1;37;46m8[0;5;37;43m8[0;5;1;36;47m8[0;5;1;37;43m8[0;5;37;47m8[0;5;1;37;43m8[0;5;1;37;46m8[0;5;1;33;47m8[0;5;1;36;47m@[0;5;37;47m88[0;5;37;43m8[0;5;37;42m8[0;5;37;43m8[0;1;32;47mX[0;5;37;43m8[0;1;32;47mX[0;5;1;32;43m8[0;1;37;47m [0;5;1;32;43m8[0;1;37;47m [0;5;37;47m88[0;5;1;33;47m8[0;5;1;36;47mX[0;5;37;43m8[0;1;32;47mS[0;5;37;43m8[0;1;32;47mX[0;5;37;47m8[0;5;1;33;47m@[0;5;1;36;47m8[0;5;37;47m8[0;5;37;43m8[0;5;37;42m8[0;1;33;47m8[0;1;32;47m8[0;1;30;43m8[0;37;40m   [0m
[0;37;40m   [0;1;30;40m8[0;33;47m8[0;5;37;42m8[0;5;37;43m8[0;5;37;42m8[0;1;33;47m8[0;1;37;47m [0;5;37;47m8[0;5;1;33;47m@[0;5;1;36;47m8[0;5;1;37;43m8[0;5;1;37;46m8[0;5;1;37;43m@[0;5;37;47m8[0;5;1;37;43m8[0;5;37;47m8[0;5;1;37;43m8[0;5;1;36;47m8[0;5;1;37;43m@[0;5;1;36;47m8[0;5;1;37;43m8[0;5;1;36;47m8[0;5;1;33;47m@[0;5;37;47m8[0;5;1;37;43m8[0;5;1;33;42m8[0;1;33;47mX[0;5;37;42m8[0;5;37;43m8[0;1;32;47mX[0;5;37;43m8[0;5;37;42m8[0;1;33;47mSX[0;5;37;42m8[0;1;33;47mS[0;5;37;43m8[0;5;37;47mX8[0;5;1;33;47m8[0;5;37;47m@[0;1;33;47m%[0;5;1;33;42m8[0;1;37;47m [0;5;1;32;43m8[0;5;37;47m:8[0;5;1;37;43m8[0;5;37;47mS[0;1;33;47mS[0;5;1;33;42m8[0;1;33;47mX[0;1;32;47m8[0;1;30;43m8[0;37;40m   [0m
[0;37;40m   [0;1;30;40m8[0;5;37;43m8[0;1;32;47m8[0;5;37;43m8[0;5;37;42m8[0;5;37;43m8[0;1;37;47m [0;5;37;47m8[0;5;1;33;47m@[0;5;37;47m8[0;5;1;37;43m8[0;5;37;47m8[0;5;1;37;43m8[0;5;1;37;46m8[0;5;1;37;43m8[0;5;1;37;46m8[0;5;1;37;43m8[0;5;37;47m8888[0;5;1;37;43m8[0;5;37;42m8[0;5;37;43m8[0;5;37;42m8[0;1;37;47m [0;5;1;32;43m8[0;1;37;47m [0;5;1;33;42m8[0;1;37;47m [0;5;1;33;42m8[0;1;37;47m [0;5;1;32;43m8[0;1;37;47m [0;5;1;32;43m8[0;1;37;47m [0;5;37;47m@8[0;5;1;33;47m8[0;5;1;36;47m8[0;5;37;47m8[0;5;1;33;42m8[0;1;37;47m [0;5;1;32;43m8[0;5;37;47m88[0;5;1;33;47m8[0;5;1;36;47m8[0;5;37;47m8[0;5;1;32;43m8[0;1;37;47m [0;5;1;33;42m8[0;1;33;47mX[0;1;30;42m8[0;37;40m   [0m
[0;37;40m   [0;1;30;40m8[0;1;33;47m8[0;5;37;42m8[0;1;33;47m8[0;1;32;47m8[0;5;1;32;43m8[0;5;37;47m888[0;5;1;32;43m8[0;5;1;36;47m8[0;5;1;33;47m8[0;5;1;37;46m8[0;5;1;37;43m@[0;5;37;47m8[0;5;1;33;47m8[0;5;37;47m88[0;5;1;37;43m8[0;5;1;33;42m8[0;1;37;47m [0;5;37;47m88[0;5;1;33;42m8[0;1;37;47m [0;5;1;32;43m8[0;1;37;47m [0;5;1;32;43m8[0;1;37;47m [0;5;1;32;43m8[0;1;37;47m [0;5;1;32;43m8[0;1;37;47m [0;5;1;32;43m8[0;5;37;47m888[0;5;1;33;47m8[0;5;1;36;47m@[0;5;1;33;47m8[0;5;1;32;43m8[0;1;37;47m [0;5;1;32;43m8[0;1;37;47m [0;5;37;47m88[0;5;1;33;47m8[0;5;37;47m8[0;5;1;33;47m8[0;5;37;42m8[0;5;37;43m8[0;1;32;47mX[0;1;33;47m8[0;1;30;42m8[0;37;40m   [0m
[0;37;40m   [0;1;30;40m8[0;1;33;47m8[0;5;37;42m8[0;5;37;43m8[0;1;32;47m8[0;1;33;47m8X[0;5;37;47m888[0;5;1;33;47m8[0;5;37;47m8[0;5;1;37;43m8[0;5;1;36;47m@[0;5;37;47m88[0;5;1;33;42m8[0;1;33;47mS[0;5;1;36;42m8[0;5;37;47m 8[0;5;1;33;47m8[0;5;37;47m888[0;1;33;47mS[0;5;37;43m8[0;1;36;47m@[0;5;1;32;43m8[0;1;37;47m [0;5;37;43m8[0;1;37;47m [0;5;37;47m888[0;5;1;33;47m@[0;5;1;36;47m8[0;5;1;33;47m@[0;5;37;47m8[0;5;1;33;42m8[0;1;37;47m [0;5;1;32;43m8[0;1;37;47m [0;5;37;47m88[0;5;1;33;47m8[0;5;1;36;47m@[0;5;37;47m8[0;5;1;33;42m8[0;1;33;47m%[0;5;37;42m8[0;5;37;43m8[0;5;37;42m8[0;5;33;40mX[0;37;40m   [0m
[0;37;40m   [0;1;30;40m8[0;1;33;47m8[0;5;37;42m8[0;1;33;47m8[0;5;37;42m8[0;5;37;43m8[0;1;36;47mS[0;5;37;47m@[0;5;1;33;47m8[0;5;1;36;47m@[0;5;1;33;47m8[0;5;1;36;47m@[0;5;37;47m8[0;5;37;43m8[0;5;1;33;42m8[0;1;33;47mS[0;1;32;47mS[0;5;37;43m88[0;1;37;47m [0;5;37;47m88[0;5;1;33;47m@[0;5;37;47m8[0;5;1;33;47m8[0;5;1;36;47m@[0;5;37;47m8@@888[0;5;1;33;47m@[0;5;37;47m8[0;5;1;33;47m8[0;5;37;47m88[0;5;1;37;43m8[0;5;37;42m8[0;1;33;47mS[0;5;37;43m8[0;1;36;47mS[0;5;37;47m8[0;5;1;33;47mS@[0;5;1;36;47m@[0;5;1;33;47m@[0;5;1;32;43m8[0;1;37;47m [0;5;1;33;42m8[0;1;33;47mS[0;5;37;42m8[0;5;37;43m8[0;1;30;42m8[0;37;40m   [0m
[0;37;40m   [0;1;30;40m8[0;1;33;47m8[0;5;33;42m:[0;1;33;47m88[0;5;33;42m [0;5;37;47m@S8[0;5;1;33;47mX[0;5;37;47m8[0;5;1;33;42m8[0;5;37;43m8[0;5;37;47m8X8[0;5;1;37;43m8[0;5;1;36;42m8[0;5;37;43m8[0;5;1;33;42m8[0;5;37;43m8[0;1;37;47m [0;5;37;47m888[0;5;1;33;47m@[0;5;37;47m8[0;5;1;33;47m8[0;5;37;47m8[0;5;1;33;47m@[0;5;37;47m8888[0;5;1;36;47m@[0;5;1;32;43m@8[0;1;36;47mS[0;5;1;32;43m@[0;1;36;47m%[0;5;37;43m8[0;5;37;47m88[0;5;1;33;47m8[0;5;1;36;47m@[0;5;1;33;47m@[0;1;33;47mS[0;5;37;42m8[0;5;37;43m8[0;1;32;47mX[0;5;37;43m8[0;5;37;42m8[0;1;33;47m8[0;1;30;42m8[0;37;40m   [0m
[0;37;40m   [0;1;30;40m8[0;1;33;47m88[0;5;37;42m8[0;1;33;47m88[0;5;37;43m8[0;5;37;47m8[0;5;1;32;43m8[0;5;37;42m8[0;5;37;43m8[0;1;32;47mX[0;5;37;47m88888@[0;1;33;47m%S[0;5;1;33;42m@8[0;5;1;32;43m8[0;1;32;47mX[0;5;1;32;43m8[0;5;37;47m8[0;5;1;37;43m8[0;5;1;37;46m8[0;5;1;37;43m8[0;5;37;47m8[0;5;1;32;43m8[0;5;37;47m8[0;5;1;33;42m8[0;5;1;32;43m8[0;5;37;43m8[0;1;36;47mS[0;5;37;43m8[0;5;37;42m8[0;5;37;47m888[0;5;1;33;47m@[0;5;1;36;47m@[0;5;1;33;47m@[0;5;37;47m8[0;5;1;33;42m8[0;1;37;47m [0;5;1;32;43m8[0;1;37;47m [0;5;1;33;42m8[0;1;33;47mX[0;1;32;47m8[0;5;37;43m8[0;1;30;42m8[0;37;40m   [0m
[0;37;40m   [0;1;30;40m8[0;37;43m8[0;5;37;42m8[0;5;37;43m8[0;5;33;42m.[0;1;33;47m@[0;5;37;42m8[0;5;1;32;43m8[0;1;37;47m [0;5;1;32;43m8[0;1;32;47mS[0;5;37;43m8[0;5;1;33;42m8[0;5;37;47m88[0;5;1;33;47m@[0;5;37;47m8[0;5;1;33;47m8[0;5;37;47m8888[0;1;32;47m@[0;5;37;43m8[0;1;32;47mS[0;5;1;33;42m8[0;1;32;47m@[0;5;1;32;43m8[0;5;37;42m8[0;5;37;43m8[0;5;1;36;42m8[0;5;37;43m8[0;1;33;47m%[0;1;32;47mX[0;5;1;32;43m8[0;1;37;47m [0;5;37;47m88[0;5;1;33;47m8[0;5;37;47m8[0;5;1;33;47m8[0;5;37;47m8[0;5;1;33;47m@[0;1;37;47m [0;5;1;33;42m8[0;1;37;47m [0;5;1;32;43m8[0;1;33;47m%[0;5;1;33;42m8[0;1;37;47m [0;5;1;33;42m8[0;1;33;47m8[0;5;37;42m8[0;5;33;40m8[0;37;40m   [0m
[0;37;40m   [0;32;40m8[0;1;33;47m8[0;5;33;42m.[0;1;33;47m@[0;33;47m8[0;5;1;33;42m8[0;1;33;47mX[0;5;37;42m8[0;5;37;43m8[0;1;32;47m@[0;5;1;33;42m8[0;1;36;47mS[0;5;1;32;43m8[0;5;1;33;42m8[0;5;37;42m8[0;5;1;33;47m8[0;5;37;47m888[0;5;1;33;47m8[0;5;37;47m888888[0;1;37;47m.[0;5;37;47m8[0;5;37;43m8[0;1;37;47m [0;5;37;47m8[0;1;37;47m [0;5;37;47m88S8[0;5;1;33;47m8[0;5;37;47m8[0;5;1;33;47m8[0;5;1;36;47m@[0;5;37;47m8[0;5;1;32;43m8[0;5;37;42m8[0;5;37;43m8[0;5;37;42m8[0;5;37;43m8[0;5;37;42m8[0;1;32;47m8[0;5;37;43m8[0;5;37;42m8[0;1;33;47m8[0;5;33;42m [0;1;33;47m8[0;1;30;42m8[0;37;40m   [0m
[0;37;40m   [0;32;40m8[0;33;47m8[0;5;37;43m@[0;5;33;42m;[0;1;33;47m8[0;1;32;47m8[0;1;32;43m8[0;1;33;47m8[0;5;33;42m [0;1;33;47m@[0;1;32;47m8[0;5;1;32;43m8[0;1;30;47m8[0;1;33;47m8[0;5;1;33;42m@[0;5;37;42m8[0;5;1;33;42m8[0;1;33;47mS[0;5;1;36;47m8[0;5;1;33;47m@[0;5;37;47m8[0;5;1;33;47m@[0;5;37;47m8[0;5;1;33;47m8[0;5;37;47m8[0;5;1;33;47m8[0;5;37;47m8[0;5;1;33;47m8[0;5;37;47m88[0;5;1;33;47m8@[0;5;37;47m8[0;5;1;33;47m8[0;5;37;47m8[0;5;1;33;47m@[0;5;1;36;47m@[0;5;37;47m8[0;5;1;33;47m8[0;5;1;33;42m8[0;1;32;47m@[0;1;33;47m@[0;5;1;33;42m@[0;1;32;47mX[0;5;1;32;43m8[0;1;32;47m@[0;5;1;32;43m8[0;1;32;47m8[0;5;1;33;42m8[0;33;47m8[0;5;33;42m [0;1;33;47m@[0;1;32;43m8[0;5;33;40mX[0;37;40m   [0m
[0;37;40m   [0;32;40m@[0;1;32;43m8[0;33;47m8[0;37;43m@[0;5;33;42m [0;1;33;47m8[0;5;33;42m:[0;1;33;47m8[0;33;47m8[0;5;33;42m [0;5;37;43m8[0;5;33;42m;[0;1;33;47m8[0;5;33;42m [0;1;33;47m@[0;5;37;42m8[0;1;33;47m8[0;5;33;42m [0;5;1;32;43m8[0;5;37;42m8[0;5;1;33;42m8[0;5;37;47m8[0;5;1;37;43m8[0;5;1;36;47m8[0;5;1;33;47m@[0;5;37;47m888888[0;5;1;36;47mX[0;5;1;33;47m8[0;5;1;36;47m8[0;5;1;33;47m8[0;5;37;42m8[0;5;37;43m8[0;5;1;33;42mS[0;5;37;42m8[0;1;33;47m8[0;5;1;33;42mX[0;5;37;42m8[0;1;33;47m8[0;5;33;42m [0;1;33;47m@[0;5;33;42m [0;1;33;47m@[0;1;32;43m8[0;1;33;47m8[0;5;33;42m [0;1;33;47m8[0;37;43m@[0;5;37;42m8[0;1;30;43mS[0;37;40m   [0m
[0;37;40m   [0;32;40m@[0;37;43m@[0;5;1;33;42m@[0;33;47m8[0;5;33;42m [0;1;33;47m8[0;37;43mS[0;5;33;42m [0;5;37;43m@[0;1;32;43m8[0;33;47m8[0;1;32;43m8[0;33;47m8[0;5;33;42m [0;1;33;47m8[0;5;33;42mt[0;37;43mX[0;5;37;43m@[0;5;33;42m.[0;1;33;47m8[0;5;33;42m [0;5;1;33;42m8[0;5;33;42m [0;5;1;32;43m8[0;5;37;42m8[0;5;1;33;42m@888888[0;5;37;42m8[0;5;1;33;42m8@[0;1;32;47m8[0;5;1;33;42m8[0;1;32;47m8[0;5;1;33;42m8[0;5;37;42m8[0;33;47m8[0;5;33;42m [0;1;33;47m8[0;1;32;43m8[0;33;47m8[0;1;33;43m.[0;5;37;42m8[0;33;47m8[0;5;33;42m [0;1;33;47m8[0;1;32;43m8[0;5;33;42m.[0;1;33;47m8[0;30;42m%[0;37;40m   [0m
[0;37;40m   [0;32;40m@[0;1;32;43m8[0;5;33;42m.[0;5;37;43m@[0;1;32;43m88[0;37;43m@[0;5;33;42m:[0;37;43m@[0;5;33;42m.[0;1;33;47m8[0;5;33;42m.[0;5;33;43mt[0;37;43m8[0;5;33;42mt[0;33;47m8[0;5;33;42m [0;37;43m@[0;5;33;42m:[0;33;47m8[0;1;33;43m:[0;1;32;47m8[0;33;47m8[0;5;33;42m [0;1;33;47m8[0;5;33;42m.[0;1;33;47m@[0;5;37;42m8[0;1;32;47m888[0;5;1;33;42m8[0;33;47m8[0;5;33;42m [0;1;33;47m8[0;5;33;42m:[0;33;47m8[0;5;33;42m.[0;33;47m8[0;5;33;42m.[0;5;33;43mt[0;1;32;43m8[0;5;33;42mt[0;1;33;47m8[0;5;33;42m [0;1;33;47m8[0;5;33;42m [0;5;33;43mt[0;1;30;43m8[0;5;33;42m.[0;1;33;47m8[0;1;32;43m88[0;5;33;40m8[0;37;40m   [0m
[0;37;40m    [0;32;43m@[0;37;43mX[0;5;33;42m;[0;37;43m@[0;5;33;42m [0;5;33;43mt[0;1;32;43m8[0;37;43m8[0;5;33;42m:[0;1;33;43m:[0;37;43m8[0;5;32;42m.[0;37;43mX[0;5;33;42m:[0;1;33;43m%[0;1;32;43m8[0;5;37;43m@[0;5;33;42m%[0;1;32;43m8[0;5;37;42m8[0;1;32;43m8[0;5;33;43m.[0;5;33;42m@[0;1;32;43m8[0;37;43m8[0;5;33;42m.[0;1;33;43m:[0;5;33;42m [0;5;33;43m;[0;5;33;42mS[0;37;43m@[0;5;33;42m [0;1;33;43mS[0;5;33;42m%[0;37;43m@[0;5;33;42m.[0;5;33;43mX[0;1;32;43m8[0;37;43m@[0;5;33;42m;[0;33;47m8[0;1;32;43m88[0;37;43mX[0;5;33;42m.[0;37;43mX[0;5;33;42m:[0;37;43m@[0;1;32;43m88[0;33;47m8[0;5;33;42m%[0;32;40mS[0;37;40m   [0m
[0;37;40m    [0;32;40m;[0;33;42m@[0;1;30;43m8[0;1;32;43m8[0;1;30;43m8[0;5;32;42mX[0;1;30;43m8[0;5;33;42m;[0;1;30;43m8[0;5;33;42m:[0;1;30;43m8[0;5;33;42mS[0;1;30;43m8[0;1;32;43m8888[0;1;30;43m8[0;1;32;43m8[0;37;43m@[0;5;33;42mt[0;5;36;40m [0;37;43m8[0;5;33;42mt[0;33;47m8[0;37;43m@[0;1;32;47m8[0;37;43m@[0;5;33;42m8[0;1;30;47m8[0;5;33;42m%[0;37;43m@[0;1;32;43m8[0;37;43m8[0;5;33;42mS[0;1;30;43m8[0;1;32;43m888[0;1;30;43m8[0;5;33;42m;[0;1;30;43m8[0;5;33;42m;[0;1;30;43m8[0;1;32;43m88[0;1;30;43m8[0;5;33;42m.[0;37;43mX[0;5;33;42m@[0;32;43m8[0;1;30;40m8[0;37;40m    [0m
[0;37;40m                                                            [0m
[0;37;40m                                                            [0m
