[0;37;40m                              [0m
[0;37;40m                              [0m
[0;37;40m      [0;1;30;47mX[0;5;36;40m;  [0;5;37;40m@[0;5;36;40m  [0;5;37;40m8[0;5;36;40m [0;5;37;40m8[0;5;36;40m.[0;5;37;40m8[0;5;36;40m [0;5;37;40m8[0;5;36;40m.[0;5;37;40m8[0;5;36;40m. [0;5;37;40m8[0;5;36;40m. .:[0;1;30;47m;[0m
[0;37;40m      [0;1;30;47m@[0;5;30;40m@[0;5;37;47mXS[0;5;37;46m@[0;5;37;47m%S[0;5;1;37;46m8[0;5;37;47m8@[0;5;1;37;46m8[0;5;37;47m8X[0;5;37;46m@[0;5;37;47mX@[0;5;1;37;46m8[0;5;37;47m8[0;5;1;37;46m8[0;5;37;47m8[0;5;37;46m8[0;1;36;47m8[0;5;35;40m8[0;1;30;47mS[0m
[0;1;37;47m:[0;5;37;47m@St;[0;1;37;47mX[0;1;30;47m:[0;5;30;40m8[0;5;37;46m8[0;5;37;47m88[0;5;37;46m8[0;5;37;47m8[0;5;37;46m8[0;5;37;47m8[0;5;37;46m8[0;5;37;47m8[0;5;37;46m8[0;5;37;47m8[0;5;1;37;46m8[0;1;36;47mS[0;5;1;37;46m8[0;1;37;47m;[0;5;37;46m888[0;1;36;47m%[0;36;47m8[0;5;34;40m@[0;1;30;47mt[0m
[0;1;37;47m:[0;5;37;47m@%%;[0;1;37;47m%[0;1;30;47m;[0;5;34;40m@[0;1;37;47mS[0;5;37;46m8[0;5;1;36;47m8[0;5;37;47m8[0;5;37;46m8[0;5;37;47m8[0;5;37;46m8[0;5;37;47m8[0;5;37;46m8[0;5;37;47m8[0;5;37;46m8[0;5;37;47m8[0;5;37;46m8[0;1;37;47m [0;5;37;46m88[0;1;37;47m [0;5;1;34;46m@[0;5;1;36;47m8[0;5;36;44m.[0;5;33;40mS[0;1;30;47mt[0m
[0;1;37;47m.[0;5;37;47m8SS;[0;1;37;47m;[0;1;30;47m%[0;5;30;40m8[0;5;37;46m8[0;5;37;47m8[0;5;37;46m88[0;5;37;47m8[0;5;1;34;46m8[0;5;37;47m8[0;5;1;34;46m@[0;5;37;47m8[0;5;1;34;46m8[0;5;37;47m8[0;5;1;34;46m8[0;5;37;46m8[0;5;1;34;46m8[0;5;37;47m8[0;5;1;36;44m8[0;5;1;36;47m8[0;5;37;46m8[0;1;36;47mS8[0;5;34;40m8[0;1;30;47mS[0m
[0;1;30;47m:[0;1;37;47m8[0;5;37;47mXXt[0;1;30;47m ;[0;5;34;40m@[0;1;36;47mX[0;5;37;46m8[0;5;37;45m8[0;5;37;46m88[0;5;37;47m8[0;5;1;34;46m8[0;5;37;47m8[0;5;1;34;46m8[0;5;37;47m8[0;5;1;36;44m8[0;5;37;46m8[0;5;37;45m8[0;5;1;34;46mS[0;5;37;46m88[0;5;1;35;44m8[0;5;37;46m8[0;5;1;34;46m8[0;1;30;47m8[0;5;34;40m8[0;1;30;47mS[0m
[0;1;30;47m@[0;1;37;47m@[0;5;37;47m@Xt[0;1;30;47m.X[0;5;30;40m8[0;1;36;47m@[0;5;37;46m88[0;5;1;34;45m8[0;5;1;37;46m@[0;5;1;36;44m8[0;5;37;47m8[0;5;1;36;44m8[0;5;37;46m8[0;5;1;36;44m8[0;1;37;47m [0;5;1;34;46m8[0;5;37;46m88[0;5;1;35;44m8[0;5;1;37;46m@[0;5;37;46m8[0;1;36;47mX[0;5;1;34;46m8[0;1;34;47m@[0;5;34;40mX[0;1;30;47mX[0m
[0;1;30;47m@[0;1;37;47mt[0;5;37;47m88t[0;1;30;47m.S[0;1;30;40m8[0;1;34;47m8[0;5;37;46m8[0;5;37;44m8[0;5;1;37;46m@[0;5;37;44m8[0;5;37;46m8[0;5;1;36;44m8[0;1;36;47mS[0;5;1;36;44m8[0;1;37;47m [0;5;1;34;46m8[0;5;37;46m8[0;5;1;35;44m8[0;5;37;46m88[0;5;1;36;44m8[0;1;36;47mS[0;5;1;36;44m8[0;5;37;47m8[0;5;36;44m;[0;5;32;40mS[0;1;30;47mX[0m
[0;1;30;47m8[0;1;37;47m:8[0;5;37;47m8t[0;1;30;47m.S[0;5;30;40m8[0;5;37;46m8[0;5;37;44m8[0;5;37;46m8[0;5;1;36;44m8[0;5;37;46m8[0;5;37;44m8[0;5;37;46m8[0;5;1;36;44m@[0;1;37;47m [0;5;1;34;46m8[0;5;37;46m8[0;5;1;36;44m8[0;5;37;46m8[0;5;1;36;44m8[0;1;37;47m [0;5;1;34;46m8[0;1;36;47m%[0;5;1;36;44m8[0;5;37;46m8[0;36;47m8[0;5;34;40m8[0;1;30;47m8[0m
[0;37;40m [0;1;37;47m.8[0;5;37;47mSt[0;1;30;47m:S[0;34;40m8[0;5;36;40m%[0;5;36;44mS[0;5;35;40m [0;5;35;44mS[0;1;30;47m8[0;5;36;44mS[0;5;35;40m [0;5;37;44m8[0;5;36;44mS[0;1;30;47m8[0;5;35;44m%[0;1;30;47m8[0;5;36;44mX[0;1;30;47m8[0;5;36;44m;[0;1;30;47m8[0;5;36;44mt[0;1;30;47m8[0;5;36;44m8[0;5;36;40m%[0;1;30;40m8[0;1;30;47m@[0m
[0;37;40m [0;1;37;47m 8[0;5;37;47mSt[0;1;30;47m;[0;1;37;47m8[0;1;30;47mSXS8[0;5;37;40m@[0;5;36;40m [0;5;37;40m8S[0;1;30;47m8@8X[0;5;37;40m88[0;5;35;40m [0;5;37;40m8%@[0;5;35;40m [0;5;37;40m8[0;5;35;40m [0;5;37;40m8[0;37;40m [0m
[0;37;40m [0;1;30;47m.[0;1;37;47m%[0;5;37;47m8S[0;1;30;47mt[0;5;37;47m%[0;1;37;47m:[0;1;30;47mS8[0;37;40m     [0;1;30;47m@[0;1;37;47mt;.[0;1;30;47m8[0;37;40m          [0m
[0;37;40m [0;1;30;47mt[0;1;37;47mt8[0;5;37;47m@[0;1;37;47m%[0;5;37;47m8[0;1;37;47m@[0;1;30;47m.[0;5;37;40m8[0;37;40m [0;1;30;47mt[0;1;37;47m8[0;5;37;47m888[0;1;37;47mX@X8[0;5;37;47m888[0;1;37;47m:[0;37;40m      [0m
[0;37;40m  [0;5;30;40mS[0;5;36;40m [0;1;30;40m8[0;5;30;40m8[0;5;35;40m;[0;5;33;40m [0;37;40m   [0;1;30;47m;[0;5;37;47m88888[0;1;37;47m8[0;5;37;47m88888[0;1;37;47m.[0;37;40m      [0m
[0;37;40m                [0;5;36;40m [0;5;37;40m%[0;5;36;40m [0;37;40m           [0m
[0;37;40m                              [0m
