[0;37;40m                                        [0m
[0;37;40m                                        [0m
[0;37;40m         [0;5;37;40m8888888888888888888888888888@[0;1;30;47m8[0;37;40m [0m
[0;37;40m        [0;1;30;47m:[0;5;30;40mX[0;5;36;40mt   [0;5;37;40m8[0;5;36;40m: [0;5;37;40m8[0;5;36;40m.[0;5;37;40m8[0;5;36;40m.[0;5;37;40m8[0;5;36;40m.[0;5;37;40m8[0;5;36;40m.[0;5;37;40m8[0;5;36;40m.[0;5;37;40m8[0;5;36;40m:[0;5;37;40m8[0;5;36;40m: [0;5;37;40m8[0;5;36;40m;  :%[0;5;35;40m.[0;1;30;47m:[0m
[0;37;40m        [0;1;30;47m:[0;5;30;40m8[0;5;36;40m.[0;5;37;47mtt[0;5;1;36;47m8[0;5;37;47m8%[0;5;1;37;46m8[0;5;37;47m8S[0;5;1;37;46m8[0;5;37;47m8S[0;5;1;37;46m8[0;5;37;47m8[0;5;1;36;47m8[0;5;37;47m8[0;5;1;36;47m8[0;5;37;47m8[0;5;1;36;47m8[0;5;37;47m8[0;5;1;36;47m8[0;5;37;47m@[0;5;1;37;46m8[0;5;37;47m8[0;5;1;37;46m8[0;5;37;47m8[0;5;37;46m8[0;5;34;40m@[0;5;33;40m:[0;1;30;47m;[0m
[0;37;40m [0;1;37;47m@[0;5;37;47m8@X@[0;1;37;47m8:S[0;5;30;40m@[0;5;36;40m%[0;5;1;36;47m8[0;1;36;47mS[0;5;37;47m8[0;5;37;46m8[0;5;37;47m8[0;5;1;37;46m8[0;5;37;47m8[0;5;37;46m8[0;5;37;47m8[0;5;37;46m8[0;5;37;47m8[0;5;1;37;46m8[0;1;37;47mt[0;5;1;37;46m8[0;1;37;47m%[0;5;1;37;46m8[0;1;37;47mt[0;5;1;37;46m8[0;1;37;47mt[0;5;1;37;46m8[0;1;37;47mt[0;5;37;46m88888[0;5;35;40m8[0;5;36;40mt[0;1;30;47mt[0m
[0;37;40m [0;1;37;47m8[0;5;37;47mXSS:;[0;1;30;47m:[0;1;37;47mS[0;5;30;40m@[0;5;36;40mt[0;5;37;47m8[0;5;1;37;46m8[0;5;37;47m8[0;5;1;37;46m8[0;1;37;47m [0;5;1;37;46m8[0;5;37;47m8[0;5;1;37;46m8[0;5;37;47m8[0;5;1;37;46m8[0;1;36;47m%[0;5;37;47m8[0;5;1;37;46m@[0;5;37;47m8[0;5;37;46m8[0;5;37;47m8[0;5;37;46m8[0;5;37;47m8[0;5;37;46m888[0;5;37;47m8[0;5;1;34;46m8[0;5;37;47m8[0;5;37;46m8[0;1;36;47mS[0;1;30;44m8[0;5;35;40mt[0;1;30;47mt[0m
[0;37;40m [0;1;37;47m8[0;5;37;47mX%S:%[0;1;37;47mtS[0;5;30;40m8[0;1;30;46m8[0;1;37;47mt[0;5;37;46m8[0;5;37;47m8[0;5;37;46m8[0;5;37;47m8[0;5;37;46m8[0;5;37;47m8[0;5;1;34;46m8[0;5;37;47m8[0;5;37;46m8[0;5;37;47m8[0;5;1;34;46m8[0;5;37;47m8[0;5;37;46m8[0;5;37;47m8[0;5;1;34;46m@[0;5;37;47m8[0;5;1;34;46m@[0;5;37;47m8[0;5;1;34;46m8[0;5;1;36;47m8[0;5;1;36;44m8[0;5;37;47m8[0;5;1;34;46m8[0;5;37;46m8[0;1;36;47m%[0;1;30;44mX[0;5;33;40m;[0;1;30;47mt[0m
[0;37;40m [0;1;37;47mX[0;5;37;47m@%X;%[0;1;30;47m [0;1;37;47mS[0;5;30;40m8[0;5;36;40mS[0;5;1;36;47m8[0;1;36;47m%[0;5;1;37;46m8[0;1;35;47m%[0;5;1;37;46m@[0;5;1;35;44m8[0;5;1;36;47m8[0;5;37;47m8[0;5;1;34;46m8[0;5;37;47m8[0;5;37;46m8[0;5;37;47m8[0;5;1;34;46m8[0;5;37;47m8[0;5;1;34;46m8[0;5;37;47m8[0;5;1;34;46m8[0;5;1;37;46m8[0;5;1;36;44m8[0;5;37;47m8[0;5;1;36;44m8[0;5;37;47m8[0;5;1;34;46m@[0;5;37;47m8[0;5;1;34;46m8[0;5;37;47m8[0;1;30;44mS[0;5;33;40mt[0;1;30;47mS[0m
[0;37;40m [0;1;37;47m%[0;5;37;47m@S@:%[0;1;30;47m;[0;1;37;47m%[0;5;34;40m8[0;5;36;40mS[0;1;36;47mS%[0;5;1;34;46m8[0;5;37;47m8[0;5;1;37;46m@8[0;5;37;46m8[0;1;37;47m [0;5;1;37;46m8[0;5;1;36;44m8[0;5;37;47m8[0;5;1;34;46m8[0;5;37;47m8[0;5;1;34;46m8[0;5;1;37;46m8[0;5;1;36;44m8[0;1;37;47m [0;5;1;34;46m8[0;5;37;47m8[0;5;1;34;46m8[0;5;37;46m8[0;5;1;34;46m8[0;1;36;47m%[0;5;1;34;46m8[0;5;37;47m8[0;5;1;34;46m8[0;5;34;40mX[0;5;35;40m;[0;1;30;47m%[0m
[0;37;40m [0;1;37;47m:[0;5;37;47m8X@;X[0;1;30;47m;[0;1;37;47m;[0;5;30;40m8[0;5;36;40m%[0;1;36;47mS[0;5;1;36;47m8[0;5;37;45m8[0;5;1;34;46mX[0;5;37;47m8[0;5;1;36;44m8[0;5;37;47m8[0;5;1;36;44m8[0;5;37;47m8[0;5;37;46m8[0;5;1;36;44m8[0;5;37;47m8[0;5;1;36;44m8[0;1;36;47mS[0;5;1;36;44m8[0;5;37;47m8[0;5;1;34;46m8[0;1;36;47mS[0;5;1;34;46m8[0;1;37;47m [0;5;37;46m8[0;1;36;47mS[0;5;1;34;46m8[0;5;37;47m8[0;5;1;34;46m8[0;1;36;47mX[0;5;34;40m8[0;5;30;40mS[0;1;30;47m%[0m
[0;37;40m [0;1;37;47m.[0;5;37;47m8@8;X[0;1;30;47mt[0;1;37;47mt[0;1;30;40m8[0;5;36;40mX[0;5;37;46m8[0;5;1;36;44m8[0;5;1;36;47m8[0;5;37;46m8[0;5;37;44m8[0;5;1;36;47m8[0;5;1;36;44m8[0;5;37;47m8[0;5;1;36;44m8[0;1;37;47m [0;5;1;34;46m8[0;5;37;46m8[0;5;1;36;44m8[0;5;37;47m8[0;5;1;34;46m8[0;5;37;46m8[0;5;1;36;44m8[0;1;37;47m [0;5;1;34;46m8[0;5;37;46m8[0;5;1;35;44m8[0;5;1;37;46m@[0;5;1;36;44m8[0;5;37;46m88[0;5;37;44m8[0;5;34;40mS[0;5;33;40mS[0;1;30;47m@[0m
[0;37;40m [0;1;30;47m.[0;1;37;47m@[0;5;37;47m88t@[0;1;30;47mt[0;1;37;47mt[0;1;30;40m@[0;5;34;40mX[0;1;36;47m%S[0;5;1;36;44m8[0;5;37;47m8[0;5;1;34;46m8[0;1;37;47m [0;5;1;34;46m88[0;1;36;47mX[0;5;1;36;44m8[0;1;37;47m [0;5;1;36;44m8[0;1;36;47mS[0;5;1;36;44m8[0;1;36;47mS[0;5;1;36;44m8[0;5;37;47m8[0;5;1;34;46m8[0;1;37;47m [0;5;1;34;46m8[0;5;1;37;46m8[0;5;1;36;44m8[0;1;37;47m [0;5;1;36;44m8[0;1;37;47m [0;5;37;46m8[0;1;30;44m@[0;5;30;40mX[0;1;30;47m%[0m
[0;37;40m [0;1;30;47m:[0;1;37;47mS[0;5;37;47m8[0;1;37;47m8[0;5;37;47m;@[0;1;30;47mt[0;1;37;47m;[0;1;30;40m8[0;1;30;46m8[0;5;1;36;44m8[0;1;37;47m [0;5;1;34;46m8[0;5;37;44m8[0;5;37;46m8[0;5;1;36;44m8[0;1;37;47m [0;5;1;36;44m8[0;1;36;47mX[0;5;1;36;44m8[0;5;37;46m8[0;5;1;36;44m8[0;1;37;47m [0;5;1;34;46m8[0;1;36;47mS[0;5;1;36;44m8[0;5;37;46m8[0;5;1;36;44m8[0;5;37;46m8[0;5;37;44m8[0;5;37;46m8[0;1;36;47mX[0;5;1;34;46m8[0;5;37;47m8[0;5;1;36;44m8[0;5;37;46m8[0;1;30;44m8[0;5;31;40m@[0;1;30;47m%[0m
[0;37;40m [0;1;30;47m;[0;1;37;47m%8[0;5;37;47m@;@[0;1;30;47mt[0;1;37;47m;[0;1;30;40m@[0;5;35;40mS[0;5;37;46m8[0;5;1;36;44m@[0;1;37;47m [0;5;1;34;46m8[0;5;37;44m8[0;5;37;46m8[0;5;1;36;44m8[0;1;36;47mS[0;5;1;36;44m@[0;1;37;47m [0;5;1;36;44m8[0;1;36;47mS[0;5;1;36;44m8[0;5;37;46m8[0;5;1;35;44m@[0;5;37;46m8[0;5;37;44m8[0;5;37;46m8[0;5;37;44m8[0;5;1;37;46m8[0;5;1;36;44mX[0;1;36;47m%[0;5;1;36;44m8[0;5;37;46m8[0;5;1;36;44m8[0;1;37;47m [0;1;30;44m%[0;5;30;40m@[0;1;30;47m%[0m
[0;37;40m [0;1;30;47m;[0;1;37;47mt8[0;5;37;47mSt@[0;1;30;47mt[0;1;37;47m;[0;34;40m@[0;5;34;40m88X[0;1;34;44m8[0;5;36;40m [0;1;30;46m8[0;34;45m8[0;5;35;40mt[0;5;34;44m8[0;5;36;40m [0;5;34;44m@[0;5;35;40m [0;5;35;44m8[0;5;36;40m [0;5;36;44m8[0;5;36;40m [0;1;30;46m8[0;1;30;45m8[0;5;36;44m8[0;5;35;40m:[0;35;44m8[0;5;36;40m:[0;5;34;44m8[0;5;35;40m.[0;1;30;45m8[0;1;30;46m8[0;1;30;44m8[0;5;30;40m8S[0;1;30;47m%[0m
[0;37;40m [0;1;30;47mt[0;1;37;47mt8[0;5;37;47mS;8[0;1;30;47m%[0;5;37;47m8[0;1;30;47mX88@%8@8X%XtX%8%888%8S@t88888t[0;37;40m [0m
[0;37;40m [0;1;30;47m%[0;1;37;47m;8[0;5;37;47mXt8[0;1;30;47mS[0;5;37;47mt[0;1;37;47m%[0;5;37;40m@[0;1;30;47m8X[0;37;40m        [0;1;30;47m.:::;[0;37;40m              [0m
[0;37;40m [0;1;30;47mS[0;1;37;47m.t@[0;5;37;47mX[0;1;37;47m@[0;1;30;47m%[0;5;37;47mS8[0;1;37;47m; [0;1;30;47m%[0;37;40m     [0;5;37;40mX[0;1;30;47mX[0;1;37;47m%SSt.[0;1;30;47m::8[0;5;37;40mS[0;37;40m           [0m
[0;37;40m [0;1;30;47mX.[0;1;37;47m%8[0;5;37;47m88[0;1;37;47mS[0;5;37;47m8[0;1;37;47m8t[0;1;30;47m.X[0;37;40m [0;5;37;40mS[0;1;37;47m8[0;5;37;47m@8@@@[0;1;37;47m88888[0;5;37;47m@@@88[0;1;37;47m8[0;5;37;40mX[0;37;40m       [0m
[0;37;40m   [0;5;36;40m [0;1;30;47m8[0;5;30;40mX[0;1;30;40m8[0;5;31;40m@[0;5;36;40m.[0;1;30;47mS[0;5;33;40m:[0;37;40m   [0;5;37;40mX[0;5;37;47m888888888888888@[0;1;37;47m8[0;5;37;40m@[0;37;40m       [0m
[0;37;40m                 [0;5;36;40m [0;1;30;47m8%[0;1;37;47m.%X@Xt.[0;1;30;47mt[0;5;37;40m8[0;5;35;40m [0;37;40m          [0m
[0;37;40m                                        [0m
[0;37;40m                                        [0m
