[0;37;40m                                                            [0m
[0;37;40m                                                            [0m
[0;37;40m                                                            [0m
[0;37;40m                                                            [0m
[0;37;40m            [0;1;30;47mXt[0;5;36;40m                                            [0;5;37;47m@[0;37;40m [0m
[0;37;40m            [0;1;37;47m [0;5;36;40m [0;5;30;40mS[0;5;36;40m% [0;1;30;47m@[0;5;36;40m [0;1;30;47m%[0;5;36;40m:[0;1;30;47mS[0;5;36;40m.[0;1;30;47m%[0;5;36;40m.[0;1;30;47mt[0;1;30;46m8[0;1;30;47mS8@[0;5;36;40m [0;36;47m@[0;1;30;47m@@@[0;36;47m8[0;1;30;47m8@@[0;37;46m8[0;1;30;47m8@8[0;1;30;46m8[0;1;30;47mS8[0;5;36;40m [0;36;47m@[0;1;30;47m8[0;5;36;40m [0;36;47m8[0;1;30;47m8[0;5;36;40m.[0;1;30;47m%[0;1;30;46m8[0;5;36;40mt[0;5;35;40m;[0;5;30;40m@[0;1;37;47m%[0;1;30;47m8[0m
[0;37;40m            [0;1;30;47m [0;5;36;40m [0;5;30;40mXX[0;5;37;47m8[0;5;1;36;47m8[0;5;37;47mX[0;5;1;36;47m8[0;5;37;47mX[0;5;1;36;47m8[0;5;37;47mX[0;5;1;36;47m8[0;5;37;47mX[0;5;1;36;47m8[0;5;37;47m8@[0;5;37;46m8[0;5;37;47mS[0;5;1;36;47m8[0;5;37;47m8[0;5;1;37;46m8[0;1;37;47m8[0;5;37;46m8[0;5;37;47m88[0;5;37;46m8[0;5;37;47m88[0;5;37;46m8[0;5;37;47m@[0;5;1;36;47m8[0;5;37;47m8[0;5;1;37;46m8[0;5;37;47m8[0;5;1;36;47m8[0;5;37;47m8[0;5;1;37;46m8[0;5;37;47m@8[0;5;1;37;46m8[0;5;37;47m8[0;5;37;46m8[0;1;36;47mS[0;1;30;46m8[0;5;35;40m:[0;5;30;40mX[0;1;37;47mt[0;1;30;47m@[0m
[0;37;40m            [0;1;37;47m;[0;5;35;40m [0;5;30;40mS[0;5;34;40m@[0;1;36;47mS[0;5;37;47m8[0;5;1;37;46m8[0;5;37;47m8[0;5;37;46m8[0;5;37;47m8[0;5;1;37;46m8[0;5;37;47m8[0;5;37;46m8[0;5;37;47m8[0;5;1;37;46m8[0;5;37;47m8[0;5;1;36;47m8[0;5;37;47m8[0;5;1;37;46m8[0;5;37;47m8[0;1;37;47mS[0;5;1;37;46m8[0;5;37;47m8[0;5;1;37;46m8[0;5;37;47m8[0;5;1;37;46m8[0;5;37;47m8[0;5;1;37;46m8[0;5;37;47m8[0;5;37;46m8[0;5;37;47m8[0;5;1;37;46m8[0;5;37;47m8[0;5;37;46m8[0;5;37;47m8[0;5;37;46m8[0;5;37;47m8[0;5;1;37;46m@[0;5;37;46m8[0;1;36;47m%[0;5;37;46m8[0;5;1;37;46m8[0;5;37;46m8[0;5;36;40m.;[0;5;34;40m8[0;1;37;47m;[0;1;30;47m8[0m
[0;37;40m [0;1;37;47m.[0;5;37;47m8X%tt;;;[0;1;37;47mS[0;5;37;47mSS[0;5;35;40m [0;5;30;40mX@[0;1;37;47m8[0;5;1;37;46m8[0;5;37;47m8[0;5;1;37;46m8[0;5;37;47m8[0;5;1;36;47m8[0;1;37;47m [0;5;1;36;47m8[0;5;37;47m8[0;5;1;37;46m8[0;5;37;47m8[0;5;37;46m8[0;5;37;47m8[0;5;37;46m8[0;5;37;47m8[0;5;37;46m8[0;5;37;47m8[0;5;1;37;46m8[0;5;37;47m8[0;5;37;46m8[0;5;37;47m8[0;5;1;37;46m8[0;1;37;47m [0;5;1;37;46m8[0;5;37;47m8[0;5;1;37;46m8[0;5;37;47m8[0;5;37;46m8[0;5;37;47m8[0;5;1;37;46m8[0;5;37;47m8[0;5;1;37;46m8[0;5;37;46m8[0;1;37;47m [0;5;1;37;46m@[0;5;37;46m88[0;1;37;47m [0;5;1;37;46m8[0;5;34;44mS[0;5;33;40m:[0;5;30;40m@[0;1;37;47mt[0;1;30;47m8[0m
[0;37;40m [0;1;30;47m.[0;1;37;47m8[0;5;37;47m@XXX;.;[0;1;30;47m;[0;1;37;47mS[0;5;37;47mS[0;5;33;40m [0;5;30;40mX[0;5;34;40mX[0;1;36;47m@[0;5;37;47m8[0;5;37;46m8[0;5;37;47m8[0;5;37;46m8[0;5;37;47m8[0;5;1;37;46m8[0;5;37;47m8[0;5;37;46m8[0;5;37;47m8[0;5;1;37;46m8[0;5;37;47m8[0;5;1;37;46m8[0;5;37;47m8[0;5;1;37;46m8[0;5;37;47m8[0;5;37;46m8[0;5;37;47m8[0;5;37;46m8[0;5;37;47m8[0;5;37;46m8[0;5;37;47m8[0;5;1;37;46m8[0;5;37;47m8[0;5;37;46m8[0;5;37;47m8[0;5;37;46m8[0;5;37;47m8[0;5;37;46m8[0;5;37;47m8[0;5;1;34;46m8[0;5;37;47m8[0;5;1;34;46m8[0;5;1;37;46m8[0;5;37;44m8[0;5;1;36;47m8[0;5;1;34;46m8[0;5;37;47m8[0;5;1;34;46m@[0;1;30;47m8[0;5;36;40mt[0;5;30;40m8[0;1;37;47m:[0;1;30;47m8[0m
[0;37;40m [0;1;37;47m [0;5;37;47m8S%%@;:;[0;1;30;47m;[0;1;37;47mS[0;5;37;47mX[0;5;33;40m [0;5;30;40m8@[0;1;36;47mS[0;5;1;36;47m8[0;5;37;47m8[0;5;37;46m8[0;5;37;47m8[0;5;1;37;46m8[0;5;37;45m8[0;5;1;37;46m@[0;5;37;47m8[0;5;1;34;46m8[0;5;37;47m8[0;5;1;34;46m8[0;5;37;47m8[0;5;37;46m8[0;5;1;35;47m8[0;5;1;34;46mX[0;5;37;47m8[0;5;1;37;46m8[0;5;1;35;47m8[0;5;37;46m8[0;5;37;47m8[0;5;1;34;46m8[0;5;37;47m8[0;5;1;34;46m8[0;5;37;47m8[0;5;1;37;46m8[0;5;1;37;45m8[0;5;1;34;46mS[0;5;1;36;47m8[0;5;1;36;44m8[0;5;37;47m8[0;5;1;34;46m8[0;5;37;47m8[0;5;1;34;46m8[0;5;37;47m8[0;5;1;34;46m8[0;5;37;47m8[0;5;1;34;46m@[0;5;37;47m8[0;34;46m@[0;5;35;40m%[0;5;30;40m8[0;1;37;47m:[0;1;30;47m8[0m
[0;37;40m [0;1;30;47m.[0;5;37;47m8@S%8;:t[0;1;37;47mX8[0;5;37;47mX[0;5;36;40m [0;5;30;40m@[0;5;34;40m@[0;1;36;47mS[0;1;37;47m [0;5;1;37;46m8[0;5;37;47m8[0;5;1;36;44m8[0;5;37;47m8[0;5;1;37;46m@[0;5;37;47m8[0;5;1;34;46m8[0;5;37;47m8[0;5;1;36;47m8[0;5;37;47m8[0;5;1;34;46m8[0;5;37;47m8[0;5;1;37;46m8[0;5;37;47m8[0;5;1;34;46m8[0;5;37;47m8[0;5;1;34;46mX[0;5;37;47m8[0;5;1;37;46m8[0;5;37;47m8[0;5;1;37;46m8[0;5;37;47m8[0;5;1;34;46m8[0;5;37;47m8[0;5;1;34;46mX[0;1;37;47m [0;5;1;34;46m8[0;5;37;47m8[0;5;1;34;46m@[0;5;1;37;46m8[0;5;1;34;46m8[0;5;37;47m8[0;5;1;34;46m@[0;5;37;47m8[0;5;1;34;46m@[0;5;1;36;47m8[0;5;1;34;46m8[0;5;36;40m %[0;5;30;40m8[0;1;37;47m:[0;1;30;47m8[0m
[0;37;40m [0;1;30;47m:[0;1;37;47m8[0;5;37;47mXS%8;:t[0;36;47m8[0;1;37;47m8[0;5;37;47mS[0;5;36;40m;[0;5;30;40m88[0;5;37;46m8[0;5;37;47m8[0;5;1;34;46m8[0;5;37;47m8[0;5;1;36;47m8[0;5;37;46m8[0;5;37;47m8[0;5;1;34;46m8[0;5;37;47m8[0;5;1;37;46m8[0;5;37;45m8[0;5;1;37;46m@[0;5;37;47m8[0;5;1;34;46m8[0;5;37;47m8[0;5;37;46m8[0;5;37;47m8[0;5;1;37;46m8[0;5;37;47m8[0;5;1;34;46m8[0;5;37;47m8[0;5;1;36;44m8[0;5;37;47m8[0;5;1;34;46m8[0;5;37;47m8[0;5;1;34;46m8[0;5;1;37;46m8[0;5;1;34;46m8[0;5;37;47m8[0;5;1;34;46m8[0;1;37;47m [0;5;37;46m88[0;5;1;34;46m8[0;5;37;47m8[0;5;1;34;46m8[0;1;37;47m [0;5;37;46m8[0;1;36;47mS[0;5;36;44mS[0;5;33;40m;[0;5;30;40m8[0;1;37;47m.[0;5;37;40m8[0m
[0;37;40m [0;1;30;47m;[0;1;37;47m@[0;5;37;47m@XS8t:;[0;1;30;47m.[0;1;37;47m%[0;5;37;47m@[0;5;36;40m:[0;5;30;40m8[0;5;34;40mX[0;1;36;47mX[0;1;37;47m [0;5;1;36;47m8[0;5;1;34;46m8[0;5;37;47m8[0;5;1;36;44m8[0;5;37;47m8[0;5;1;36;47m8[0;1;36;47mS[0;5;1;37;46m8[0;5;37;46m8[0;1;37;47m [0;5;1;37;46m8[0;5;37;47m8[0;5;1;36;44m8[0;5;37;47m8[0;5;1;34;46m8[0;5;37;47m8[0;5;1;34;46m8[0;5;37;47m8[0;5;1;34;46m8[0;5;37;47m8[0;5;1;34;46m8[0;5;37;46m8[0;5;1;34;46m8[0;1;37;47m [0;5;1;34;46m8[0;5;37;47m8[0;5;1;34;46m8[0;5;1;37;46m8[0;5;1;34;46m8[0;1;37;47m [0;5;1;34;46m8[0;5;37;47m8[0;5;1;34;46m8[0;5;1;37;46m8[0;5;1;34;46m8[0;5;37;47m8[0;5;1;34;46m8[0;5;37;40mX[0;5;36;40m%[0;1;30;40m8[0;1;37;47m:[0;1;30;47m8[0m
[0;37;40m [0;1;30;47mt[0;1;37;47mX[0;5;37;47m8XS8t;t[0;1;30;47m%[0;1;37;47m%[0;5;37;47m8[0;5;36;40m [0;5;30;40m@X[0;5;37;46m88[0;5;1;35;47m8[0;5;37;46m8[0;5;37;47m8[0;5;1;37;46m8[0;5;37;44m8[0;5;1;36;47m8[0;5;1;35;44m8[0;5;1;36;47m8[0;5;1;34;46m8[0;5;37;47m8[0;5;1;36;44m8[0;5;37;47m8[0;5;1;37;46m8[0;5;1;36;44m8[0;5;37;47m8[0;5;1;34;46m8[0;5;37;47m8[0;5;1;34;46m8[0;5;37;47m8[0;5;1;34;46m8[0;1;37;47m [0;5;1;34;46m8[0;5;37;47m8[0;5;1;34;46m8[0;5;37;47m8[0;5;1;34;46m8[0;1;36;47mX[0;5;1;36;44m8[0;5;37;47m8[0;5;1;34;46m8[0;5;37;47m8[0;5;1;34;46m8[0;1;36;47m%[0;5;37;46m8[0;5;37;44m8[0;5;37;46m88[0;1;30;46m8[0;5;35;40m8[0;5;30;40m@[0;1;37;47m.[0;5;37;40m8[0m
[0;37;40m [0;1;30;47m%[0;1;37;47mS[0;5;37;47m8@X[0;1;37;47m8[0;5;37;47mt:%[0;1;30;47m%[0;1;37;47mt8[0;5;36;40m [0;5;34;40mS[0;5;31;40mS[0;1;36;47mXS[0;5;1;34;46m8[0;5;37;47m8[0;5;1;36;44m8[0;5;37;47m8[0;5;37;46m8[0;5;1;36;47m8[0;5;37;46m8[0;1;37;47m [0;5;1;36;47m8[0;5;1;36;44m8[0;5;37;47m8[0;5;1;34;46m8[0;5;37;47m8[0;5;37;46m8[0;1;37;47m [0;5;1;34;46m8[0;5;37;46m8[0;5;1;36;44m8[0;5;37;46m8[0;5;1;34;46m8[0;5;37;47m8[0;5;1;34;46m8[0;5;37;46m8[0;5;1;36;44m8[0;5;37;46m8[0;5;1;36;44m8[0;5;37;47m8[0;5;1;34;46m8[0;5;37;46m8[0;5;1;34;46m8[0;5;37;46m8[0;1;36;47mS[0;5;1;36;44m8[0;5;37;47m8[0;5;1;34;46m@[0;5;37;47m8[0;5;1;36;44m8[0;5;36;40m S[0;1;30;40m8[0;1;37;47m.[0;1;30;47m8[0m
[0;37;40m [0;1;30;47m%[0;1;37;47mt8[0;5;37;47m@S[0;1;37;47m8[0;5;37;47mt;%[0;1;30;47mS[0;1;37;47mt[0;5;37;47m8[0;5;36;40m.[0;1;30;40m8[0;5;34;40m8[0;1;36;47m8[0;1;37;47m [0;5;1;37;46m8[0;5;37;44m8[0;5;1;36;47m8[0;5;1;36;44m8[0;5;37;47m8[0;5;1;36;44m@[0;5;37;47m8[0;5;1;36;44m8[0;5;37;47m8[0;5;37;46m8[0;5;1;34;46m8[0;5;37;47m8[0;5;1;36;44m8[0;5;37;46m8[0;5;1;36;44m8[0;5;37;47m8[0;5;1;36;44m8[0;5;37;47m8[0;5;1;36;44m8[0;1;37;47m [0;5;1;34;46m8[0;1;36;47m%[0;5;1;36;44m8[0;5;37;47m8[0;5;1;36;44m8[0;5;37;47m8[0;5;1;34;46m8[0;1;37;47m [0;5;1;34;46m8[0;5;37;47m8[0;5;1;36;44m@[0;5;37;47m8[0;5;1;34;46m8[0;5;37;46m8[0;5;1;34;46m8[0;5;37;46m8[0;1;36;47m%[0;5;36;44mt[0;5;35;40m;[0;1;30;40m8[0;1;30;47m [0;5;37;40m8[0m
[0;37;40m [0;1;30;47m%[0;1;37;47mt[0;5;37;47m88X[0;1;37;47m8[0;5;37;47mt;%[0;1;30;47mX[0;1;37;47m;[0;5;37;47m8[0;5;36;40m:[0;1;30;40m88[0;5;37;46m8[0;5;1;36;44m8[0;5;37;47m8[0;5;1;34;46m8[0;5;37;47m8[0;5;1;34;46m8[0;1;37;47m [0;5;37;46m8[0;5;1;36;44m8[0;5;37;47m8[0;5;1;36;44m8[0;5;37;47m8[0;5;1;36;44m8[0;5;37;46m8[0;5;1;35;44m8[0;5;1;37;46m8[0;5;1;36;44m8[0;5;37;46m8[0;5;37;44m8[0;5;37;46m8[0;5;1;34;46m8[0;5;37;46m8[0;5;1;36;44m8[0;5;37;47m8[0;5;1;36;44m8[0;5;37;46m88[0;5;1;36;44m8[0;1;36;47mS[0;5;1;34;46m8[0;1;37;47m [0;5;1;34;46m8[0;5;37;46m8[0;5;1;36;44m8[0;5;37;47m8[0;5;1;36;44m8[0;5;37;47m8[0;5;1;36;44m8[0;1;36;47mS[0;1;30;46m8[0;5;35;40m@[0;1;30;40m8[0;1;30;47m.[0;5;37;40m8[0m
[0;37;40m [0;1;30;47mS[0;1;37;47m:X8[0;5;37;47mX[0;1;37;47m@[0;5;37;47mt;%[0;1;30;47mX[0;1;37;47m;8[0;5;33;40m.[0;1;30;40m8[0;5;34;40m8[0;1;34;47mX[0;1;36;47mX[0;5;1;36;44m8[0;5;37;47m8[0;5;1;36;44m8[0;5;37;47m8[0;5;1;36;44m8[0;5;37;47m8[0;5;1;34;46m8[0;1;36;47mX[0;5;1;36;44m8[0;5;37;46m8[0;5;37;44m8[0;5;37;46m88[0;5;37;44m8[0;5;37;46m8[0;5;37;44m8[0;5;37;46m8[0;5;1;36;44m8[0;5;37;47m8[0;5;1;36;44m@[0;1;37;47m [0;5;1;34;46m8[0;1;36;47mS[0;5;1;36;44m@[0;1;37;47m [0;5;1;34;46m8[0;1;37;47m [0;5;1;34;46m8[0;5;37;46m8[0;5;37;44m8[0;5;1;36;47m8[0;5;1;36;44m8[0;5;37;46m8[0;5;37;44m8[0;5;37;46m88[0;5;1;36;44m8[0;5;35;40m [0;5;34;40mX[0;1;30;40m8[0;1;37;47m [0;5;37;40m8[0m
[0;37;40m [0;1;30;47mS[0;1;37;47m S8[0;5;37;47m8[0;1;37;47mS[0;5;37;47m%;%[0;1;30;47mX[0;1;37;47mt[0;5;37;47m8[0;5;36;40m:[0;31;40mS[0;5;30;40m@[0;5;37;46m8[0;1;34;47mX[0;5;37;46m8[0;5;1;36;44m8[0;1;37;47m [0;5;1;34;46m8[0;1;36;47mS[0;5;1;36;44m8[0;1;37;47m [0;5;1;36;44m8[0;1;37;47m [0;5;1;36;44m8[0;5;37;46m8[0;5;1;35;44m@[0;5;37;46m8[0;5;1;34;46m8[0;1;36;47m%[0;5;1;34;46m8[0;1;37;47m [0;5;1;36;44m8[0;5;37;46m8[0;5;1;36;44m8[0;5;37;46m8[0;5;1;36;44m8[0;1;37;47m [0;5;1;34;46m8[0;5;37;46m8[0;5;1;36;44m8[0;5;1;37;46m8[0;5;1;35;44m8[0;5;1;37;46m@[0;5;1;34;46m8[0;1;34;47mS[0;5;37;46m8[0;5;37;44m8[0;5;1;37;46m8[0;5;1;36;44m@[0;1;37;47m [0;5;37;46m8[0;5;34;44mS[0;5;33;40mS[0;1;30;40m@[0;1;30;47m [0;5;37;40m8[0m
[0;37;40m [0;1;30;47mS [0;1;37;47mS8[0;5;37;47m8[0;1;37;47mS[0;5;37;47mt;S[0;1;30;47mX[0;1;37;47m;8[0;5;36;40m.[0;1;30;40m8[0;5;30;40m8[0;5;1;36;44m8[0;1;36;47mS[0;5;37;44m8[0;5;1;37;46m8[0;5;1;36;44m8[0;1;37;47m [0;5;1;36;44m8[0;5;37;46m8[0;5;1;36;44m8[0;5;37;46m8[0;5;1;36;44m8[0;1;37;47m [0;5;1;34;46m8[0;5;37;46m8[0;5;1;36;44m8[0;1;37;47m [0;5;1;36;44m8[0;5;37;46m8[0;5;1;36;44m8[0;1;37;47m [0;5;1;36;44m8[0;1;37;47m [0;5;1;36;44m8[0;1;37;47m [0;5;1;34;46m8[0;1;37;47m [0;5;1;36;44m8[0;1;37;47m [0;5;1;34;46m8[0;5;37;46m8[0;5;37;44m8[0;5;37;46m8[0;5;1;36;44m8[0;1;37;47m [0;5;1;34;46m@[0;1;36;47mS[0;5;1;34;46m8[0;5;37;46m8[0;1;34;47mS[0;1;30;46m8[0;5;34;40mX[0;1;30;40m@[0;1;30;47m [0;5;37;40m8[0m
[0;37;40m [0;1;30;47m@.[0;1;37;47mtX@@[0;5;37;47m%;%[0;1;30;47m@[0;1;37;47mt8[0;5;36;40m.[0;1;30;40mX[0;5;30;40m@[0;1;36;47m8[0;5;1;36;44m8[0;1;36;47mS[0;5;1;36;44m8[0;1;36;47mX[0;5;1;36;44m8[0;1;36;47mX[0;5;1;36;44m@[0;1;35;47m%[0;5;1;36;44m8[0;5;37;46m8[0;5;1;36;44m@[0;1;36;47mX[0;5;1;36;44m@[0;1;36;47mS[0;5;1;36;44m8[0;1;36;47mS[0;5;1;36;44m@[0;1;37;47m [0;5;1;34;46m8[0;5;37;46m8[0;5;1;36;44m8[0;1;37;47m [0;5;1;34;46m88[0;5;37;46m8[0;5;1;36;44m8[0;5;37;46m8[0;5;1;35;44m8[0;5;37;46m88[0;5;37;44m8[0;5;1;37;46m8[0;5;1;36;44m8[0;1;37;47m [0;5;1;34;46m8[0;1;37;47m [0;5;1;36;44m8[0;5;37;46m8[0;5;34;44m@[0;5;33;40m@[0;34;40m%[0;1;37;47m:[0;5;37;40m8[0m
[0;37;40m [0;1;30;47mX.[0;1;37;47m%@[0;5;37;47m8X%;%[0;1;30;47m@[0;1;37;47mt8[0;5;35;40m.[0;1;30;40mX8[0;5;37;44m8[0;5;37;46m8[0;5;37;44m8[0;5;1;36;44m8[0;1;34;47m@[0;5;1;36;44m8[0;5;37;44m8[0;5;37;46m8[0;5;1;36;44m@[0;1;34;47m@[0;5;1;36;44m8[0;1;34;47mX[0;5;1;36;44m8[0;1;36;47mX[0;5;1;36;44mX[0;1;36;47mX[0;5;1;36;44mX[0;1;36;47mX[0;5;1;36;44m@[0;5;37;44m8[0;5;37;46m8[0;5;1;36;44m@[0;5;1;34;46m8[0;1;37;47m [0;5;1;36;44m8[0;1;35;47mS[0;5;1;34;46m8[0;1;36;47mS[0;5;1;34;46m8[0;1;36;47m@[0;5;1;36;44m@[0;1;36;47mS[0;5;1;36;44m8[0;1;36;47mS[0;5;1;36;44m8[0;1;36;47mS[0;5;1;36;44m8[0;5;37;47m8[0;5;1;36;44m8[0;5;36;40m:[0;5;34;40m@[0;1;30;40m8[0;1;30;47m [0;5;37;40m8[0m
[0;37;40m [0;1;30;47mX:[0;1;37;47m;X8[0;5;37;47mS%;%[0;1;30;47m@[0;1;37;47m;[0;5;37;47m8[0;5;36;40m;[0;1;30;40mX[0;5;30;40m8[0;5;34;40m8[0;34;40m8[0;5;35;40m@[0;5;34;40m8@[0;5;35;40m@[0;5;34;40m8[0;1;30;44m8[0;5;34;40mSX[0;5;35;40m8[0;5;34;40m8[0;5;35;40m8[0;1;30;44m8[0;5;35;40m8[0;1;30;44m8[0;5;35;40m8[0;1;30;44m8[0;5;35;40m@[0;5;34;40m8[0;1;30;45mS[0;5;35;40m88[0;1;30;44m@[0;5;35;40m8[0;1;30;44mX[0;5;35;40m8[0;1;30;44m8[0;5;35;40m8[0;1;30;44m8[0;5;35;40m8[0;1;30;44m8[0;5;35;40m8[0;1;30;44m8[0;5;35;40m8[0;1;30;44m88X[0;5;30;40mX[0;1;30;40m8@@[0;1;30;47m.[0;5;37;40m8[0m
[0;37;40m [0;1;30;47mX;[0;1;37;47m;@8[0;5;37;47mX%;S[0;1;30;47m@[0;1;37;47m.@[0;1;30;47m%[0;5;35;40m  [0;5;33;40m. :;;[0;5;36;40m:[0;5;33;40m;;[0;5;35;40m:[0;5;33;40m.[0;5;36;40m.[0;5;33;40m.[0;5;36;40m.[0;5;33;40m.[0;5;35;40m:[0;5;33;40m.[0;5;35;40m: [0;5;36;40m. ::: :..[0;5;35;40m....[0;5;33;40m:[0;5;35;40m:[0;5;33;40m.[0;5;36;40m:[0;5;35;40m:[0;5;33;40m.[0;5;35;40m..  [0;5;37;40mS[0;1;37;47m8[0;37;40m [0m
[0;37;40m [0;1;30;47m@;[0;1;37;47m;X8[0;5;37;47mX%;%[0;1;30;47m8[0;1;37;47m;[0;5;37;47m;8[0;1;37;47mX[0;1;30;47m. [0;1;37;47m.[0;1;30;47m..%[0;5;37;40mXX@X@XXXXX[0;1;30;47mt.. ....8[0;5;37;40m@@@@XXXXXX@X@@88@8[0;37;40m  [0m
[0;37;40m [0;1;30;47m@t[0;1;37;47m:S8[0;5;37;47m@%tS[0;5;37;40m8[0;1;37;47m.[0;5;37;47mt%[0;1;37;47m [0;5;37;40m8[0;5;33;40m [0;1;30;47m.t[0;5;36;40m [0;37;40m           [0;1;30;47m.[0;1;37;47m;::::.[0;1;30;47m.[0;5;36;40m;[0;37;40m                    [0m
[0;37;40m [0;1;30;47m@% [0;1;37;47m:%S8[0;5;37;47m%@[0;1;30;47m8[0;1;37;47m [0;5;37;47m%X8[0;1;37;47m;:[0;1;30;47m ;[0;5;37;40mS[0;37;40m         [0;5;37;40m8[0;1;37;47m;@@XS%:[0;1;30;47m.%%[0;5;37;40m8[0;5;35;40m [0;37;40m                  [0m
[0;37;40m [0;1;30;47m@S.[0;1;37;47m:S8[0;5;37;47m8X8[0;1;30;47m8[0;1;37;47m.[0;5;37;47m@8[0;1;37;47m8S.[0;1;30;47m:%[0;5;36;40m [0;37;40m   [0;1;30;47m8[0;1;37;47m%[0;5;37;47m8[0;1;37;47m88888Xt%%tttt88888[0;5;37;47m8[0;1;37;47m8[0;1;30;47m.[0;37;40m             [0m
[0;37;40m [0;1;30;47m@S:[0;1;37;47m:S8[0;5;37;47m88@@@88[0;1;37;47m8S.[0;1;30;47m;S[0;5;37;40mS[0;37;40m [0;5;37;40mX[0;5;37;47mX@8@@XXSX@8[0;1;37;47m8[0;5;37;47m88[0;1;37;47m8[0;5;37;47m88XSXXX8@8@[0;1;37;47m8[0;37;40m           [0m
[0;37;40m     [0;5;37;40m8[0;1;30;47mt[0;5;36;40m :[0;5;31;40m@X[0;5;33;40mt[0;5;35;40m.[0;1;30;47m8.[0;5;37;40m@[0;37;40m     [0;5;37;40m8[0;5;37;47m@@@@8@@8@8888888888@8@8@@@[0;1;37;47m8[0;37;40m           [0m
[0;37;40m     [0;5;30;40m8[0;5;36;40mt[0;1;30;40m8[0;32;40m:[0;34;40m:[0;32;40m.[0;34;40m;[0;1;30;40m@[0;5;30;40m@[0;5;33;40m;[0;37;40m        [0;1;30;47m8[0;1;37;47m%[0;5;37;47m888888[0;1;37;47m8[0;5;37;47m8[0;1;37;47m88888[0;5;37;47m8888888[0;1;37;47m8[0;1;30;47m:[0;5;35;40m [0;37;40m            [0m
[0;37;40m                           [0;5;36;40m.[0;5;35;40m [0;1;30;47m8t [0;1;37;47m;S@8X%.[0;1;30;47m;X[0;5;37;40m@[0;5;35;40m t[0;37;40m                [0m
[0;37;40m                                                            [0m
[0;37;40m                                                            [0m
[0;37;40m                                                            [0m
