[0;37;40m                                                            [0m
[0;37;40m                                                            [0m
[0;37;40m                                                            [0m
[0;37;40m   [0;5;30;40mX[0;34;40m;[0;32;40mt[0;34;40mt[0;31;40mt[0;34;40mt[0;32;40mt[0;34;40mt[0;31;40mt[0;34;40mt[0;32;40m%[0;34;40m%[0;31;40m%[0;32;40m%[0;34;40m%[0;1;30;40mS[0;34;40m;[0;1;30;40mSSX@8[0;5;30;40m88@S[0;5;36;40m%[0;5;35;40m%[0;5;36;40m%[0;5;33;40m;[0;5;35;40m:[0;5;36;40m   [0;5;30;40m@[0;34;40m%[0;1;30;40m@SSSSSSX[0;34;40m%[0;1;30;40m8SXSSX[0;34;40m%[0;1;30;40m88[0;37;40m   [0m
[0;37;40m   [0;5;30;40m8[0;31;40mt[0;1;30;46m8[0;36;47m8[0;1;30;46m8[0;36;47m8[0;37;46m8888[0;1;30;46m8[0;36;47m8[0;1;30;46m8[0;36;47m8[0;1;30;46m8[0;36;47m8[0;1;30;46m8[0;36;47m8[0;1;30;46m8[0;36;47m8[0;1;30;46m8[0;36;47m8[0;37;46m88[0;36;47m8[0;37;46m88[0;36;47m8[0;1;30;46m8[0;36;47m@88@8[0;37;46m@8[0;1;30;46m8[0;36;47m8[0;1;30;46m8[0;36;47m8[0;1;30;46m8[0;36;47m8[0;1;30;46m8[0;36;47m8[0;1;30;46m8[0;36;47m8[0;1;30;46m8[0;36;47m8[0;1;30;46m8[0;36;47m8[0;1;30;46m8[0;36;47m8[0;5;34;40m8[0;32;40mt[0;37;40m   [0m
[0;37;40m   [0;5;30;40m8[0;34;40m%[0;1;36;47m@8[0;5;37;46m8[0;1;36;47m88888@888@8@888@88888@@X888[0;5;37;46m8[0;1;36;47m888888[0;5;37;46m8[0;1;36;47m@[0;5;37;46m8[0;1;36;47m@[0;5;37;46m8[0;1;36;47m@[0;5;37;46m8[0;1;36;47m@[0;5;37;46m8[0;1;36;47m@[0;5;37;46m8[0;1;36;47m@8[0;1;30;44mX[0;31;40m%[0;37;40m   [0m
[0;37;40m   [0;5;30;40m8[0;1;30;40mS[0;36;47m8[0;5;37;46m8[0;1;36;47m@[0;1;34;47m8[0;5;37;46m8[0;1;34;47m8[0;5;37;46m8[0;1;36;47m8[0;1;34;47m8[0;5;37;46m8[0;1;36;47m8[0;5;37;44m8[0;5;37;46m8[0;1;36;47m8[0;1;34;47m8[0;5;37;46m8[0;1;36;47m8[0;5;37;44m8[0;5;37;46m8[0;1;36;47m@[0;5;37;44m8[0;5;37;46m8[0;1;36;47mX[0;5;37;44m8[0;5;37;46m8[0;1;36;47mX8[0;1;34;47m@[0;5;37;46m8[0;1;36;47mX[0;5;37;44m8[0;5;37;46m8[0;1;34;47m@[0;5;37;46m8[0;5;37;44m8[0;5;37;46m8[0;1;34;47m@[0;5;37;46m8[0;5;37;44m8[0;5;37;46m8[0;1;34;47m@[0;5;37;46m8[0;1;34;47m@[0;5;37;46m8[0;5;37;44m8[0;1;36;47m@[0;5;37;44m8[0;5;37;46m8[0;1;36;47m8[0;5;37;44m8[0;5;36;40m8[0;34;40m%[0;37;40m   [0m
[0;37;40m   [0;5;30;40m@[0;34;40mS[0;1;36;47m8[0;1;34;47m8[0;5;37;46m8[0;1;36;47m88[0;5;37;46m8[0;5;37;44m8[0;5;37;46m8[0;1;36;47m8[0;5;37;44m8[0;5;37;46m8[0;1;36;47m@8[0;5;1;36;44m8[0;1;37;47m:[0;5;1;34;46m8[0;1;37;47m [0;5;37;46m8[0;1;36;47m@[0;5;37;46m8[0;1;36;47mX@[0;5;37;46m8[0;1;36;47mS@[0;5;1;36;44m8[0;1;37;47m [0;5;37;46m8[0;1;34;47mX[0;5;37;46m88[0;1;36;47m@[0;5;1;34;46m8[0;1;37;47m [0;5;37;46m88[0;1;36;47m8[0;5;37;44m8[0;5;37;46m8[0;1;36;47mX[0;5;37;46m8[0;5;37;44m8[0;5;37;46m8[0;1;36;47mX[0;5;37;46m888[0;1;34;47mX[0;5;37;46m88[0;1;30;44m8[0;1;30;40mX[0;37;40m   [0m
[0;37;40m   [0;5;30;40mX[0;34;40mt[0;36;47m8[0;5;37;46m8[0;1;34;47m8[0;5;37;46m8[0;5;37;44m8[0;5;37;46m8[0;1;36;47m@[0;5;37;44m8[0;5;37;46m8[0;1;36;47m@8[0;5;1;36;44m8[0;1;37;47m [0;5;37;46m88[0;1;36;47mX[0;5;1;34;46m8[0;1;36;47m%[0;5;1;36;44m8[0;1;37;47m [0;5;1;34;46m8[0;1;37;47m [0;5;1;36;44m8[0;1;37;47m [0;5;37;46m8[0;1;36;47m%[0;5;1;34;46m8[0;1;37;47m [0;5;1;34;46m@[0;1;36;47m%[0;5;1;36;44m8[0;1;37;47m [0;5;37;46m8[0;5;1;34;46m8[0;1;36;47m%[0;5;1;36;44m8[0;1;36;47m%[0;5;37;46m8[0;1;36;47m@[0;5;1;36;44m8[0;1;37;47m [0;5;37;46m8[0;5;1;34;46m8[0;1;37;47m [0;5;1;34;46m8[0;1;37;47m [0;5;1;34;46m8[0;5;37;46m8[0;1;34;47mX[0;5;37;46m8[0;1;30;44m8[0;31;40m%[0;37;40m   [0m
[0;37;40m   [0;5;30;40mX[0;34;40mS[0;1;36;47m88[0;5;1;36;44m8[0;1;36;47mX8[0;5;37;44m8[0;5;37;46m8[0;1;36;47m8[0;1;34;47m8[0;5;37;46m8[0;5;37;44m8[0;5;37;46m88[0;5;37;44m8[0;5;37;46m8[0;1;36;47mXX[0;5;1;34;46m8[0;5;37;47m8[0;5;1;34;46m8[0;1;37;47m [0;5;1;34;46m@[0;5;37;47m8[0;5;1;34;46m8[0;5;37;46m8[0;1;35;47mS[0;5;37;46m8[0;5;1;34;46m8[0;5;37;47m8[0;5;1;34;46m8[0;1;37;47m [0;5;1;34;46m8[0;1;37;47m [0;5;1;34;46m8[0;1;37;47m [0;5;37;46m8[0;5;1;36;44m8[0;1;37;47m [0;5;1;34;46m8[0;5;37;47m8[0;5;1;34;46m8[0;5;37;46m8[0;1;36;47mS[0;5;1;34;46m8[0;5;37;47m8[0;5;1;34;46m8[0;1;37;47m [0;5;1;34;46m@[0;5;37;46m8[0;1;34;47mX[0;5;34;40m8[0;34;40mX[0;37;40m   [0m
[0;37;40m   [0;5;30;40mX[0;34;40m%[0;37;46m8[0;1;36;47m8[0;1;34;47m8[0;5;37;46m8[0;5;37;44m8[0;5;37;46m8[0;1;36;47m8[0;5;1;36;44m8[0;1;36;47mX[0;5;37;46m8[0;1;36;47m@[0;5;37;44m8[0;5;37;46m8[0;1;36;47mX[0;5;1;36;44m8[0;1;36;47m%[0;5;1;36;44m8[0;5;37;47m8[0;5;1;34;46m8[0;1;36;47mS[0;5;37;46m88[0;5;1;36;44m8[0;5;37;47m8[0;5;1;36;44m8[0;5;37;46m8[0;5;1;34;46m8[0;1;37;47m [0;5;1;34;46m8[0;1;36;47mX[0;5;1;34;46m8[0;1;36;47mS[0;5;1;34;46m8[0;1;37;47m [0;5;1;34;46m@[0;1;37;47m [0;5;37;46m8[0;5;1;34;46m8[0;5;1;36;47m8[0;5;1;36;44m8[0;1;36;47mS[0;5;1;34;46m8[0;5;37;47m8[0;5;1;34;46m8[0;5;37;46m8[0;5;1;34;46m8[0;1;37;47m [0;5;37;46m8[0;5;1;36;44m8[0;1;36;47mS[0;1;30;44m8[0;1;30;40m8[0;37;40m   [0m
[0;37;40m   [0;5;30;40mX[0;1;30;40mX[0;37;46m@[0;5;1;34;46m8[0;1;36;47m@[0;1;34;47m8[0;5;37;46m8[0;5;37;44m8[0;5;37;46m8[0;1;36;47mX[0;5;1;36;44m8[0;1;36;47mX[0;5;1;36;44m8[0;1;37;47m:[0;5;1;34;46m8[0;1;37;47m [0;5;37;46m8[0;5;1;34;46m8[0;1;37;47m [0;5;1;34;46m8[0;1;36;47m%[0;5;1;34;46m8[0;1;37;47m [0;5;1;34;46m8[0;1;37;47m [0;5;1;34;46m8[0;5;37;47m8[0;5;1;36;44m8[0;1;37;47m [0;5;1;34;46m8[0;1;36;47mS[0;5;1;34;46m8[0;1;37;47m [0;5;1;34;46m@[0;5;37;47m8[0;5;1;34;46m8[0;5;1;37;46m8[0;5;1;36;44m8[0;5;1;37;46m8[0;5;37;44m8[0;5;37;46m88[0;5;37;44m8[0;5;37;46m8[0;5;1;36;44m8[0;1;37;47m [0;5;1;34;46m8[0;5;37;47m8[0;5;1;36;44m8[0;5;37;46m8[0;1;37;47m [0;5;1;34;46m8[0;5;34;40mS[0;34;40m%[0;37;40m   [0m
[0;37;40m   [0;5;30;40mX[0;34;40m@[0;36;47m8[0;1;36;47m8[0;5;37;44m8[0;5;37;46m@8[0;1;36;47m8[0;5;37;44m8[0;5;37;46m8[0;1;34;47m@[0;5;37;46m8[0;1;36;47m@[0;5;1;34;46m8[0;1;36;47m%[0;5;1;34;46m8[0;1;37;47m [0;5;1;34;46m8[0;1;37;47m [0;5;1;34;46m@[0;1;37;47m [0;5;1;34;46m8[0;1;37;47m [0;5;1;34;46m@[0;5;1;36;47m8[0;5;1;36;44m8[0;5;37;46m88[0;5;1;36;44m8[0;1;37;47m [0;5;1;34;46m8[0;5;37;47m8[0;5;1;34;46m8[0;5;37;46m8[0;5;1;36;44m8[0;5;37;46m8[0;5;37;44m8[0;5;37;46m8[0;5;1;36;44m8[0;5;37;47m8[0;5;1;36;44m8[0;1;36;47mS[0;5;37;46m888[0;5;1;36;44m8[0;1;37;47m [0;5;1;34;46m8[0;5;37;46m8[0;5;37;44m8[0;5;37;46m8[0;1;36;47m8[0;1;30;44mX[0;1;30;40mX[0;37;40m   [0m
[0;37;40m   [0;5;30;40mX[0;1;30;40mX[0;1;34;46m8[0;1;36;47m8[0;5;37;46m8[0;5;37;44m8[0;5;1;36;44m8[0;1;36;47m8[0;5;1;34;46m8[0;1;36;47mX[0;5;1;36;44m8[0;1;36;47mX[0;5;1;36;44m8[0;1;37;47m [0;5;1;34;46m8[0;1;36;47m%[0;5;1;34;46m8[0;1;37;47m [0;5;1;34;46m8[0;1;36;47m%[0;5;1;34;46m8[0;5;37;47m8[0;5;1;34;46m8[0;1;37;47m [0;5;1;36;44m8[0;1;37;47m [0;5;1;36;44m8[0;1;37;47m [0;5;1;34;46m@[0;5;37;46m8[0;5;1;34;46m8[0;5;37;46m8[0;5;1;36;44m8[0;1;37;47m [0;5;37;46m8[0;5;1;36;44m8[0;5;37;47m8[0;5;1;34;46m8[0;1;36;47mS[0;5;1;34;46m8[0;1;36;47mS[0;5;1;36;44m8[0;1;36;47mS[0;5;1;35;44m@[0;5;37;46m88[0;5;1;36;44m8[0;1;37;47m [0;5;1;34;46m8[0;1;36;47mX[0;5;1;36;44m@[0;1;36;47mX[0;1;30;44m8[0;34;40mt[0;37;40m   [0m
[0;37;40m   [0;5;30;40mX[0;1;30;40m8[0;1;36;47m8[0;5;36;44m [0;1;36;47m88[0;1;34;47m8[0;5;37;46m8[0;1;34;47m@[0;5;37;46m8[0;1;34;47m@[0;5;37;46m8[0;1;36;47m@[0;5;1;34;46m8[0;1;37;47m [0;5;1;34;46m8[0;1;36;47m%[0;5;1;34;46m8[0;1;37;47m [0;5;1;34;46m8[0;1;36;47mS[0;5;1;36;44m8[0;5;37;46m8[0;5;1;36;44m8[0;1;37;47m [0;5;1;34;46m@[0;5;37;46m8[0;5;1;34;46m8[0;1;37;47m [0;5;1;34;46m8[0;1;37;47m [0;5;1;36;44m8[0;5;37;47m8[0;5;1;36;44m8[0;5;37;46m8[0;5;1;34;46m8[0;1;36;47m@[0;5;1;36;44m8[0;1;36;47m%[0;5;1;34;46m8[0;1;36;47mS[0;5;1;34;46m8[0;5;37;46m88[0;5;37;44m8[0;5;37;46m8[0;5;37;44m8[0;5;37;46m8[0;5;37;44m8[0;5;37;46m8[0;1;34;47m@[0;5;1;36;44m8[0;5;35;40m@[0;32;40mt[0;37;40m   [0m
[0;37;40m   [0;5;30;40mX[0;34;40mS[0;36;47m8[0;5;37;46m8[0;5;37;44m8[0;5;37;46m@[0;5;1;36;44m8[0;1;36;47m8[0;5;1;36;44m8[0;1;36;47m@[0;5;1;36;44m8[0;1;36;47m@[0;5;1;36;44m8[0;1;36;47m%[0;5;1;36;44m8[0;1;36;47m%[0;5;1;36;44m8[0;1;36;47m%[0;5;1;34;46m8[0;1;37;47m [0;5;1;34;46m8[0;1;37;47m [0;5;1;34;46m8[0;1;37;47m [0;5;1;34;46m@[0;5;37;46m8[0;5;37;44m8[0;5;37;46m8[0;5;1;36;44m8[0;1;37;47m [0;5;1;34;46m8[0;5;37;46m8[0;5;1;36;44m8[0;1;36;47mX[0;5;1;36;44m8[0;1;37;47m [0;5;1;34;46m8[0;1;37;47m [0;5;1;34;46m8[0;1;36;47m%[0;5;1;36;44m8[0;1;37;47m [0;5;1;36;44m@[0;1;36;47mX[0;5;1;36;44m8[0;1;36;47mS[0;5;1;36;44m8[0;1;36;47mS[0;5;1;36;44m8[0;1;36;47mS[0;5;37;44m8[0;1;36;47m8[0;1;30;44mX[0;31;40mt[0;37;40m   [0m
[0;37;40m   [0;5;30;40m@[0;1;30;40mX[0;1;36;46m.[0;5;37;46m8[0;5;1;36;44m8[0;1;36;47mX[0;1;34;47m8[0;5;37;46m8[0;5;37;44m8[0;5;37;46m8[0;5;37;44m8[0;5;37;46m8[0;5;37;44m8[0;5;37;46m8[0;5;1;36;44m8[0;1;37;47m [0;5;1;34;46m8[0;1;36;47mS[0;5;1;36;44m8[0;5;37;46m8[0;5;1;36;44m8[0;1;36;47m%[0;5;1;34;46m8[0;5;37;46m8[0;5;37;44m8[0;5;37;46m8[0;5;1;36;44m8[0;1;37;47m [0;5;1;34;46m8[0;5;37;46m8[0;5;1;36;44m8[0;1;37;47m [0;5;1;34;46m8[0;1;36;47mS[0;5;1;36;44m8[0;1;36;47mX[0;5;1;36;44m8[0;5;37;46m8[0;5;37;44m8[0;5;37;46m8[0;5;37;44m8[0;5;37;46m8[0;5;37;44m8[0;5;37;46m8[0;5;37;44m8[0;1;36;47m8[0;5;37;44m8[0;1;36;47m8[0;5;37;44m8[0;5;37;46m8[0;5;37;44m8[0;1;36;47m8[0;30;44m@[0;1;30;40m@[0;37;40m   [0m
[0;37;40m   [0;5;30;40m@[0;1;30;40m8[0;5;37;44m8[0;1;36;47m8[0;5;37;44m8[0;5;37;46m@[0;5;1;36;44m8[0;1;36;47m8[0;5;1;36;44m8[0;1;36;47m@[0;5;1;34;46m8[0;1;36;47mX[0;5;1;36;44m8[0;1;37;47m [0;5;1;34;46m8[0;5;37;46m8[0;5;37;44m8[0;5;37;46m8[0;5;37;44m8[0;5;37;46m8[0;1;34;47mS[0;5;1;34;46m8[0;1;37;47m [0;5;1;36;44m8[0;5;37;46m8[0;5;37;44m8[0;5;37;46m8[0;5;1;36;44m8[0;1;37;47m [0;5;1;36;44m8[0;1;36;47mS[0;5;1;36;44m8[0;1;36;47mX[0;5;1;36;44m8[0;1;37;47m [0;5;1;36;44m8[0;1;36;47mS[0;5;1;36;44m@[0;1;36;47mX[0;5;1;36;44m@[0;1;36;47m@[0;5;1;36;44m@[0;1;36;47mX[0;5;37;44m8[0;5;37;46m8[0;5;37;44m8[0;5;37;46m8[0;5;37;44m8[0;5;37;46m8[0;5;37;44m8[0;5;37;46m8[0;5;36;44m.[0;5;33;40m%[0;34;40mt[0;37;40m   [0m
[0;37;40m   [0;5;30;40m@[0;1;30;40m@[0;5;36;46m:[0;5;37;44m8[0;5;37;46m@[0;5;37;44m8[0;5;37;46m8[0;5;37;44m8[0;5;37;46m8[0;5;37;44m8[0;1;36;47m8[0;5;37;44m8[0;5;37;46m8[0;5;1;36;44m8[0;1;36;47mS[0;5;1;36;44m@[0;1;36;47mS[0;5;1;36;44m8[0;1;37;47m [0;5;1;36;44m8[0;5;37;46m8[0;5;1;36;44m8[0;5;37;46m8[0;5;37;44m8[0;5;1;34;46m8[0;1;36;47mX[0;5;1;36;44m8[0;1;36;47mX[0;5;1;36;44m8[0;1;36;47mX[0;5;1;36;44m8[0;1;36;47mX[0;5;1;36;44m@[0;1;36;47mX[0;5;1;36;44m8[0;1;36;47m@[0;5;37;44m8[0;5;37;46m8[0;5;37;44m8[0;1;36;47m8[0;5;37;44m8[0;1;36;47m8[0;5;1;36;44mX[0;1;34;47m8[0;5;1;36;44m8[0;1;36;47m@[0;5;37;44m8[0;5;1;36;44m8[0;1;34;47m@[0;5;37;44m8[0;1;36;47m8[0;36;47m8[0;1;30;44m@[0;32;40mt[0;37;40m   [0m
[0;37;40m   [0;5;30;40m@[0;34;40mS[0;36;47m8[0;5;1;36;44m8[0;1;36;47m8[0;5;1;36;44m8[0;1;36;47m8[0;5;1;36;44m8[0;1;36;47m8[0;5;1;36;44m8[0;1;34;47m8[0;5;1;34;46m8[0;1;34;47m@[0;5;37;46m8[0;5;37;44m8[0;5;37;46m8[0;5;37;44m8[0;5;37;46m8[0;5;1;36;44m8[0;1;36;47mS[0;5;1;36;44m@[0;1;37;47m [0;5;1;36;44m8[0;1;36;47m@[0;5;1;36;44m8[0;1;34;47mX[0;5;1;34;46m8[0;1;34;47mX[0;5;1;34;46m8[0;1;34;47m@[0;5;1;34;46m8[0;1;34;47m@[0;5;1;36;44m8[0;1;34;47m@[0;5;1;34;46m8[0;1;34;47m8[0;5;1;34;46m8[0;1;34;47m8[0;5;1;34;46m8[0;5;37;44m8[0;5;37;46m8[0;5;37;44m8[0;1;36;47m8[0;5;37;44m8[0;1;36;47m8[0;5;36;44m [0;1;36;47m@[0;1;34;47m8[0;5;37;46m@[0;5;37;44m8[0;5;1;36;44m8[0;36;47m8[0;1;30;44m@[0;34;40mt[0;37;40m   [0m
[0;37;40m   [0;5;30;40m@[0;1;30;40m8[0;1;34;46m8[0;1;36;47m8[0;5;36;44m [0;1;36;47m@[0;5;37;44m@[0;1;36;47m8[0;5;36;44m [0;1;36;47m8[0;5;37;46m@[0;5;37;44m8[0;5;37;46m@[0;5;37;44m8[0;5;1;34;46m8[0;1;34;47m@[0;5;1;34;46m8[0;1;36;47mX[0;5;1;36;44m8[0;1;34;47mX[0;5;1;34;46m8[0;5;1;36;44m8[0;1;36;47mX[0;5;1;36;44mX[0;1;36;47mX[0;5;1;36;44m8[0;1;36;47mX[0;5;1;36;44m8[0;1;36;47mX[0;5;1;36;44m8[0;1;36;47mX[0;5;37;44m8[0;5;37;46m8[0;5;37;44m8[0;1;36;47m8[0;5;1;36;44m8[0;36;47m@[0;5;1;36;44m8[0;1;36;47mX[0;5;36;44m [0;1;36;47m8[0;5;36;44m [0;1;36;47m8[0;5;36;44m [0;1;36;47m88[0;5;36;44m [0;1;36;47m8[0;5;36;44m [0;1;36;47m@[0;1;34;47m8[0;5;1;34;46m8[0;5;34;40mX[0;31;40mt[0;37;40m   [0m
[0;37;40m   [0;5;30;40m8[0;1;30;40m8[0;36;47m8[0;5;1;34;46m8[0;1;36;47m8[0;5;36;44m [0;5;37;46m8[0;5;36;44m:[0;1;36;47m8[0;5;36;44m.[0;1;36;47m8[0;5;36;44m [0;5;37;46m8[0;5;37;44m8[0;5;37;46m8[0;5;37;44m8[0;5;37;46m8[0;5;37;44m8[0;5;37;46m8[0;5;1;36;44m@[0;1;36;47mS[0;5;37;44m8[0;5;1;36;44m8[0;1;36;47m@[0;5;37;44m8[0;5;37;46m8[0;5;36;44m [0;1;36;47m@[0;5;36;44m [0;1;36;47m@[0;5;36;44m [0;5;37;46m8[0;5;36;44m [0;1;36;47m8[0;5;36;44m.[0;1;36;47m@[0;5;37;44m8[0;1;36;47m8[0;5;36;44m:[0;1;36;47m@[0;37;46m8[0;1;36;47m8[0;5;36;44m.[0;1;36;47m@[0;5;36;44m;[0;1;36;47m8[0;36;47m8[0;5;37;44m@[0;1;36;47m8[0;5;36;44m.[0;1;36;47m8[0;36;47m8[0;30;44mX[0;1;30;40mX[0;37;40m   [0m
[0;37;40m   [0;5;30;40m8[0;34;40m8[0;37;46mX[0;5;37;44m8[0;5;36;46m.[0;36;47m8[0;5;36;44m.[0;1;36;47m8[0;37;46m@[0;5;37;46m@[0;5;36;44m:[0;1;36;47m8[0;5;36;44m.[0;5;37;46m8[0;5;36;44m [0;5;37;46m8[0;5;37;44m8[0;5;1;34;46m8[0;5;37;44m8[0;1;36;47m8[0;5;36;44m [0;5;37;46m8[0;5;37;44m8[0;5;1;36;44m8[0;36;47m8[0;5;36;44m [0;1;36;47m8[0;37;46m@[0;5;37;46m8[0;5;36;44m.[0;1;36;47m8[0;37;46m8[0;1;36;47m8[0;5;36;44m;[0;1;36;47m8[0;1;34;46m8[0;1;36;47m8[0;5;36;44m;[0;1;36;47m8[0;5;36;44m;[0;1;36;47m8[0;5;36;44m:[0;1;36;47m8[0;37;46m8[0;36;47m8[0;5;36;44m [0;5;37;46m8[0;5;36;44m:[0;1;36;47m8[0;36;47m8[0;5;36;44m [0;36;47m8[0;1;30;44m8[0;32;40mt[0;37;40m   [0m
[0;37;40m   [0;5;30;40m88[0;1;34;46m8[0;1;30;46m8[0;5;35;44mt[0;36;47m8[0;37;46mS[0;1;34;46m88[0;36;47m8[0;37;46m@X[0;36;47m8[0;1;34;46m8[0;36;47m@[0;1;34;46m8[0;36;47m8[0;1;34;46m8[0;37;46m@[0;5;36;44mt[0;36;47m8[0;1;34;46m8[0;37;46m8[0;1;34;46m8[0;37;46m8X[0;5;36;44m;[0;37;46m@[0;5;36;44mS[0;36;47m8[0;1;34;46m88[0;1;30;46m8[0;37;46m8[0;1;34;46m8[0;37;46m8[0;5;36;44mX[0;36;47m8[0;1;30;46m8[0;37;46m@[0;5;36;44mS[0;36;47m8[0;1;34;46m8[0;5;36;44m%[0;36;47m8[0;1;34;46m8[0;36;47m8[0;1;30;46m8[0;5;36;44m%[0;37;46m@X[0;1;34;46m8[0;5;34;40m8[0;32;40m;[0;37;40m   [0m
[0;37;40m   [0;5;30;40m8[0;1;30;40m@[0;5;34;40m8[0;5;30;40m88[0;34;40m8[0;5;34;40m8[0;5;30;40m88[0;30;44m8[0;5;34;40m8[0;1;30;44m8[0;5;34;40m8[0;5;33;40m%[0;5;34;40m8[0;1;30;40m8[0;34;40m8[0;5;30;40m@[0;34;40m8[0;5;30;40m8[0;1;30;40m@@[0;34;40m8[0;5;30;40m@[0;30;44m8[0;5;30;40m88[0;1;30;40m88@88[0;30;44m8[0;34;40mX[0;1;30;40m8[0;34;40mX[0;31;40mX[0;34;40m88[0;1;30;40m8@[0;34;40m%[0;1;30;40m88[0;34;40mX[0;1;30;40m8[0;34;40m8[0;5;30;40m8[0;1;30;40m8[0;34;40m8[0;1;30;40m8@[0;31;40mt[0;1;30;40mX[0;37;40m   [0m
[0;37;40m   [0;5;30;40m8[0;1;30;40mXXX@@[0;32;40m%[0;1;30;40m8@@X888[0;32;40mt[0;1;30;40m8X[0;31;40m%[0;1;30;40m@[0;32;40mt[0;34;40mS[0;1;30;40m@[0;31;40m%[0;1;30;40mXX@X[0;5;30;40m8[0;1;30;40mX@[0;34;40mt[0;31;40m%[0;1;30;40mS[0;31;40m%[0;34;40mt[0;1;30;40mX[0;32;40mt[0;1;30;40mX[0;31;40mt[0;34;40m%[0;31;40mt[0;1;30;40mX[0;31;40m;[0;32;40m%[0;1;30;40m@[0;31;40mt[0;1;30;40mX[0;34;40mt[0;1;30;40mSS[0;34;40mt[0;1;30;40mS[0;34;40m%[0;1;30;40m@[0;37;40m   [0m
[0;37;40m                           [0;1;30;47m%t[0;37;40m  [0;5;37;40m8[0;1;30;47m%8[0;37;40m                          [0m
[0;37;40m                           [0;1;37;47m:;t;;:[0;1;30;47mX[0;37;40m                          [0m
[0;37;40m                           [0;1;37;47m%tt;;; [0;37;40m                          [0m
[0;37;40m                         [0;5;36;40m [0;1;30;47m;[0;1;37;47m  [0;1;30;47m ...:[0;5;37;40mS[0;37;40m                         [0m
[0;37;40m                [0;1;30;47m.  [0;1;37;47m  .  [0;1;30;47m :t;;;;;;:%;[0;1;37;47m.[0;1;30;47mtt;tt;t[0;37;40m                [0m
[0;37;40m               [0;1;30;47mSS%%%%%%%%;[0;1;37;47m [0;1;30;47mSXX@@X@@8X88888888[0;37;40m               [0m
[0;37;40m              [0;5;37;40m@8[0;1;30;47m8[0;5;37;40m8[0;1;30;47m8[0;5;37;40m8[0;1;30;47m8[0;5;37;40m8[0;1;30;47m8[0;5;37;40m8[0;1;30;47m8[0;5;37;40m8[0;1;30;47m8888[0;5;37;40m8[0;1;30;47m8[0;5;37;40m8[0;1;30;47m8[0;5;36;40m:[0;5;37;40m8[0;5;36;40m [0;5;37;40m8[0;5;36;40m [0;5;37;40m8[0;5;36;40m [0;5;37;40m8[0;5;36;40m [0;5;37;40m8[0;5;36;40m [0;5;37;40m8[0;37;40m              [0m
[0;37;40m              [0;1;30;47m@%S%%%ttttt;t;t;;;;;:::;:;;;;ttX[0;5;36;40m [0;37;40m             [0m
[0;37;40m                                                            [0m
[0;37;40m                                                            [0m
