[0;37;40m                                                            [0m
[0;37;40m                                                            [0m
[0;37;40m                                                            [0m
[0;37;40m    [0;1;36;47mSX[0;36;47m@[0;1;36;47mXX[0;36;47mX[0;1;36;47mXXX[0;36;47mX[0;1;36;47mXXX[0;36;47mX[0;1;36;47mX[0;37;40m                                         [0m
[0;37;40m    [0;36;47m8[0;1;36;47m@[0;1;34;47m@[0;1;36;47m8[0;5;37;44m8[0;1;36;47mX[0;5;37;44m8[0;1;36;47mX[0;5;37;44m8[0;1;36;47mX[0;5;37;44m8[0;1;36;47mX[0;5;37;44m8[0;1;36;47mX[0;1;34;47m@[0;5;36;40mSSSSSSSS%SS%S%S%%%%%%%%t%t%ttttttt[0;37;40m       [0m
[0;37;40m    [0;36;47m8[0;1;34;47m8[0;1;36;47m8[0;5;37;44m8[0;1;36;47mX[0;1;34;47m@[0;1;36;47m@[0;1;34;47m8[0;1;36;47m@[0;1;34;47m@[0;1;36;47m@[0;1;34;47m8[0;1;36;47m@[0;1;34;47m8[0;1;36;47m8[0;1;34;47m8[0;1;36;47m8[0;1;34;47m8[0;1;36;47m8[0;1;34;47m8[0;36;47m8[0;1;34;47m8[0;1;36;47m8[0;1;34;47m8[0;36;47m8[0;1;36;47m8[0;1;34;47m8[0;36;47m8[0;1;36;47m8[0;1;34;47m8[0;1;36;47m8[0;1;34;47m8[0;1;36;47m8[0;1;34;47m8[0;1;36;47m8[0;1;34;47m8[0;1;36;47m8[0;1;34;47m8[0;1;36;47m8[0;1;34;47m8[0;1;36;47m8[0;1;34;47m8[0;1;36;47m8[0;1;34;47m8[0;1;36;47m8[0;1;34;47m8[0;1;36;47m8[0;1;34;47m8[0;1;36;47m8[0;36;47m88[0;37;40m     [0m
[0;37;40m    [0;36;47m8[0;1;36;47m8[0;5;37;44m8[0;1;36;47m@[0;1;34;47m8[0;1;36;47m8[0;5;37;44m8[0;1;36;47m8[0;5;37;44m8[0;1;36;47m8[0;5;37;44m8[0;1;36;47m8[0;5;37;44m8[0;1;36;47m8[0;1;34;47m8[0;36;47m8[0;5;37;44m8[0;36;47m8[0;5;36;44m%[0;36;47m8[0;37;46m8[0;5;36;44mt[0;36;47m8[0;37;46m@[0;5;36;44m:[0;36;47m8[0;1;34;46m8[0;36;47m8[0;5;36;44mt[0;36;47m8[0;1;34;46m8[0;1;30;47m8[0;5;36;44mS[0;36;47m8[0;1;34;46m8[0;1;30;47m8[0;1;34;46m8[0;36;47m8[0;5;36;44mX[0;36;47m8[0;1;34;46m8[0;1;30;47m8[0;1;34;46m8[0;36;47m8[0;5;36;44mX[0;36;47m8[0;1;34;46m8[0;36;47m8[0;5;36;44mS[0;36;47m@[0;1;34;46m8[0;37;40m     [0m
[0;37;40m    [0;36;47m8[0;1;34;47m8[0;36;47m8[0;5;37;44m8[0;36;47m8[0;5;37;44m8[0;36;47m8[0;1;34;47m8[0;36;47m8[0;1;34;47m8[0;36;47m8[0;1;34;47m8[0;36;47m8[0;5;37;44m8[0;1;36;47m8[0;5;36;44mt[0;36;47m88[0;1;30;47m;[0;1;36;47m8[0;1;30;47m8[0;1;37;47m [0;36;47m8[0;1;36;47mS[0;1;30;47mX[0;1;36;47mS[0;1;30;47m8[0;1;36;47mS[0;1;30;47m@[0;1;36;47mS[0;1;30;47m8[0;1;36;47m@[0;1;30;47m@[0;1;36;47mS[0;1;30;47m8[0;1;36;47m@[0;1;30;47m8[0;1;36;47mS[0;1;30;47m8[0;1;36;47mS[0;1;30;47m8[0;1;36;47m@[0;1;30;47m8[0;1;36;47mS[0;1;30;47m8[0;1;36;47mS[0;1;30;47m8[0;1;36;47mS[0;1;30;47m@[0;1;36;47m%[0;1;37;47m [0;37;40m     [0m
[0;37;40m    [0;1;30;46m8[0;36;47m8[0;5;36;44mt[0;36;47m8[0;37;46m@8[0;5;36;44m:[0;36;47m8[0;37;46mX[0;5;36;44m;[0;36;47m8[0;37;46mX[0;5;36;44m;[0;36;47m8[0;1;30;46m8[0;36;47m8[0;1;30;46m8[0;1;37;47m [0;1;36;47mS[0;1;37;47m [0;1;36;47m%[0;1;37;47m   [0;1;36;47m%[0;1;37;47m       [0;1;36;47mS[0;1;37;47m         [0;1;36;47m%[0;1;37;47m      [0;1;36;47mS[0;1;37;47m .[0;37;40m    [0m
[0;37;40m   [0;5;36;40mS[0;36;47m8[0;37;46m8[0;1;30;47m8[0;37;46m@[0;5;37;44m8[0;36;47m8888888888[0;5;36;44mS[0;1;37;47m [0;1;36;47mS[0;1;37;47m [0;1;36;47mS[0;5;37;47m8[0;5;1;34;46m8[0;5;37;47m8[0;5;37;46m8[0;5;37;47m8[0;5;37;46m8[0;5;37;47m8[0;5;1;34;46m8[0;5;37;47m8[0;5;37;46m8[0;5;37;47m8[0;5;1;34;46m8[0;5;37;47m8[0;1;36;47mX[0;1;37;47m [0;5;1;37;46m8[0;1;36;47mS[0;5;1;36;47m8[0;1;34;47mS[0;5;1;37;46m8[0;1;37;47m [0;5;1;37;46m8[0;1;35;47mS[0;5;1;37;46m8[0;1;37;47m [0;5;1;37;46m8[0;1;36;47m%[0;5;1;37;46m8[0;1;35;47m%[0;5;37;46m8[0;1;37;47m [0;1;36;47mS[0;37;40m    [0m
[0;37;40m  [0;1;30;47m8[0;1;37;47m [0;1;36;47mS[0;1;37;47m [0;1;36;47mS[0;1;37;47m :[0;1;36;47mS[0;1;37;47m [0;1;36;47mS[0;1;37;47m [0;1;36;47m%[0;1;37;47m [0;1;36;47mS[0;1;37;47m   ;[0;1;36;47mS[0;1;37;47m [0;5;1;37;46m8[0;5;37;45m8[0;5;37;46m8[0;5;37;47m8[0;1;34;47mX[0;1;37;47m [0;1;34;47mS[0;1;37;47m [0;5;37;46m8[0;5;1;35;47m8[0;5;37;46m8[0;5;37;45m8[0;5;37;46m8[0;5;37;47m8[0;1;34;47mX[0;5;37;47m8[0;5;1;36;44m8[0;5;37;47m8[0;5;37;45m8[0;5;37;46m8[0;5;37;47m8[0;5;37;44m8[0;5;37;47m8[0;5;37;44m8[0;5;37;47m8[0;5;37;46m8[0;5;37;45m8[0;5;37;46m8[0;5;37;45m8[0;5;37;46m8[0;5;37;47m8[0;1;34;47mS[0;5;1;36;47m8[0;1;37;47m [0;37;40m    [0m
[0;37;40m  [0;5;37;40m8[0;1;36;47mS[0;1;37;47m [0;1;36;47mS[0;1;37;47m [0;5;37;46m8[0;1;37;47m [0;1;36;47m%[0;1;37;47m [0;5;37;46m8[0;1;37;47m  [0;5;37;46m8[0;1;35;47m%[0;5;37;46m8[0;1;37;47m [0;5;37;46m8[0;1;37;47m [0;5;37;47m8[0;5;1;36;44m8[0;5;37;47m8[0;5;37;46m8[0;1;35;47mS[0;5;37;46m8[0;5;37;47m8[0;5;37;46m8[0;5;37;47m8[0;5;1;36;44m8[0;5;37;47m8[0;1;36;47mX[0;1;37;47m [0;5;37;46m8[0;1;35;47mS[0;1;36;47mS[0;1;37;47m [0;5;37;46m8[0;5;37;47m8[0;1;34;47m@[0;5;1;37;46m8[0;1;35;47mX[0;5;37;46m8[0;5;37;47m8[0;5;37;46m8[0;5;37;47m8[0;5;37;44m8[0;5;37;47m8[0;5;37;46m8[0;1;37;47m [0;5;1;37;46m8[0;5;37;45m8[0;5;37;46m8[0;1;37;47m  [0;5;37;46m8[0;37;40m    [0m
[0;37;40m  [0;5;37;40m8[0;1;36;47mS[0;1;37;47m [0;5;37;46m8[0;5;1;37;45m8[0;5;37;46m8[0;5;37;47m8[0;5;1;36;44m8[0;5;37;47m8[0;1;35;47mS[0;5;1;37;46m8[0;5;37;45m8[0;5;37;46m8[0;5;37;47m8[0;1;34;47mS[0;5;37;47m8[0;1;34;47mS[0;5;1;37;46m8[0;1;35;47mS[0;1;37;47m [0;1;36;47mS[0;1;37;47m  [0;1;36;47mS[0;5;1;34;45m8[0;5;37;47m8[0;5;37;46m8[0;5;1;35;47m8[0;1;36;47m@[0;1;35;47mX[0;5;37;46m8[0;5;37;47m8[0;1;36;47mX[0;1;37;47m [0;5;1;37;46m8[0;5;37;45m8[0;5;37;46m8[0;1;37;47m  [0;5;37;46m8[0;5;37;45m8[0;5;37;46m8[0;1;35;47mX[0;5;37;46m8[0;1;37;47m [0;1;36;47mS[0;1;37;47m  [0;5;37;46m8[0;1;37;47m  [0;5;1;37;46m8[0;5;1;34;45m8[0;5;37;47m8[0;37;40m    [0m
[0;37;40m  [0;5;37;40m8[0;1;36;47mS[0;1;37;47m [0;1;36;47mSS[0;1;35;47mS[0;5;37;46m8[0;5;37;47m8[0;1;34;47m@[0;5;37;46m8[0;1;37;47m [0;5;37;46m8[0;5;37;45m8[0;5;37;46m8[0;1;37;47m [0;5;37;46m8[0;5;1;37;45m8[0;5;37;46m8[0;1;37;47m [0;5;37;46m8[0;5;37;45m8[0;5;1;37;46m@[0;1;35;47mS[0;5;1;37;46m8[0;1;36;47mSS[0;1;35;47mS[0;5;37;46m8[0;1;37;47m [0;5;37;46m8[0;5;37;45m8[0;5;37;46m8[0;5;37;45m8[0;5;37;46m8[0;1;35;47mX[0;5;37;46m8[0;1;37;47m [0;5;1;36;47m8[0;5;37;45m8[0;5;37;46m8[0;1;37;47m  [0;5;37;46m8[0;5;37;47m8[0;1;34;47mX[0;5;37;47m8[0;5;1;34;46m8[0;5;37;47m8[0;5;37;45m8[0;5;37;46m8[0;1;35;47m%[0;5;37;46m8[0;5;37;47m8[0;5;37;46m8[0;37;40m    [0m
[0;37;40m  [0;5;37;40m8[0;1;36;47mS[0;1;37;47m [0;5;37;46m8[0;5;37;45m8[0;5;37;46m8[0;1;35;47mS[0;5;37;46m8[0;5;37;47m8[0;1;35;47mX[0;5;37;46m8[0;5;37;47m8[0;5;37;46m8[0;1;35;47mS[0;5;1;37;46m8[0;1;35;47m@[0;5;37;46m8[0;1;35;47m%[0;5;37;46m8[0;5;37;47m8[0;5;37;46m8[0;1;35;47mX[0;5;37;46m8[0;1;35;47mS[0;5;37;46m8[0;1;37;47m [0;5;37;46m8[0;5;37;45m8[0;5;37;46m8[0;1;37;47m [0;5;37;46m8[0;1;37;47m [0;5;37;46m8[0;1;37;47m [0;5;37;46m8[0;5;1;37;45m8[0;5;37;46m8[0;1;35;47mX[0;5;37;46m8[0;1;37;47m [0;5;1;37;46m8[0;5;37;45m8[0;5;37;46m8[0;1;35;47mS[0;5;37;46m8[0;1;37;47m [0;5;37;47m8[0;5;1;36;44m8[0;5;37;47m8[0;5;37;46m8[0;1;37;47m  [0;5;1;34;46m8[0;1;37;47m%[0;37;40m    [0m
[0;37;40m  [0;5;36;40m [0;1;37;47m [0;5;37;46m8[0;5;1;37;45m8[0;5;37;46m8[0;1;37;47m [0;5;37;46m8[0;5;37;45m8[0;5;37;46m8[0;1;37;47m [0;1;34;47mS[0;1;36;47m%[0;1;35;47m%[0;5;37;46m8[0;5;37;45m8[0;5;37;46m8[0;1;37;47m [0;5;37;46m8[0;5;37;45m8[0;5;37;46m8[0;1;35;47mS[0;5;37;46m8[0;1;37;47m [0;5;37;46m8[0;5;37;45m8[0;5;37;46m8[0;1;37;47m [0;5;1;37;46m8[0;5;37;45m8[0;5;37;46m8[0;5;1;37;45m8[0;5;37;46m8[0;5;37;45m8[0;5;1;37;46m8[0;1;35;47mX[0;5;37;46m8[0;1;37;47m [0;5;37;46m8[0;1;35;47mS[0;5;37;46m8[0;1;35;47mS[0;5;37;46m8[0;1;37;47m [0;5;37;46m8[0;5;1;37;45m8[0;5;1;34;46m8[0;1;37;47m [0;5;37;47m8[0;5;1;36;44m8[0;5;37;47m8[0;5;1;36;44m8[0;5;37;47m8[0;1;37;47m  [0;37;40m    [0m
[0;37;40m  [0;5;36;40m [0;1;37;47m.[0;5;37;46m8[0;1;37;47m [0;5;37;46m8[0;5;37;45m8[0;5;37;46m8[0;1;37;47m [0;1;36;47mS[0;5;37;46m8[0;5;1;35;47m8[0;5;1;34;46m8[0;5;37;47m8[0;1;36;47mXX[0;1;37;47m [0;5;37;46m8[0;5;37;45m8[0;5;37;46m8[0;1;37;47m [0;5;37;46m8[0;5;37;45m8[0;5;37;46m8[0;5;37;47m8[0;5;37;46m8[0;5;37;45m8[0;5;37;46m8[0;1;35;47mS[0;5;37;46m8[0;1;37;47m [0;5;37;46m8[0;1;37;47m [0;5;37;46m8[0;1;35;47mS[0;5;37;46m8[0;1;35;47mS[0;5;37;46m8[0;5;37;45m8[0;5;37;46m8[0;1;37;47m [0;5;37;46m8[0;5;1;37;45m8[0;5;37;46m8[0;1;35;47mS[0;5;37;46m8[0;5;37;47m8[0;1;37;47m    [0;5;37;47m8[0;5;37;44m8[0;5;37;47m8[0;5;37;46m8[0;37;40m    [0m
[0;37;40m  [0;5;36;40m [0;1;37;47m.[0;1;36;47m%[0;1;37;47m [0;5;37;46m8[0;5;37;47m8[0;1;34;47mX[0;5;1;36;47m8[0;5;37;45m8[0;5;37;46m8[0;1;37;47m  [0;5;37;46m8[0;5;37;45m8[0;5;37;46m8[0;5;37;45m8[0;5;37;46m8[0;5;37;47m8[0;1;36;47mX[0;1;35;47mS[0;5;37;46m8[0;1;37;47m  [0;5;1;36;44m8[0;5;37;47m8[0;1;36;47mX[0;1;37;47m [0;5;37;46m8[0;5;37;45m8[0;5;37;46m8[0;1;35;47mS[0;1;36;47m%[0;1;37;47m [0;5;37;46m8[0;5;37;45m8[0;5;37;46m8[0;1;37;47m [0;5;37;46m8[0;5;37;47m8[0;5;1;35;44m8[0;5;37;47m8[0;5;37;46m8[0;1;37;47mt:%      [0;5;37;47m8[0;5;37;46m8[0;1;35;47mX[0;37;40m    [0m
[0;37;40m  [0;5;36;40m [0;1;36;47mS%[0;5;1;34;45m8[0;5;1;37;46m8[0;1;34;47mS[0;1;37;47m [0;5;37;46m8[0;1;37;47m [0;1;36;47mS[0;5;1;36;44m8[0;5;37;47m8[0;1;34;47mS[0;5;37;46m8[0;1;37;47m [0;5;37;46m8[0;1;35;47mS[0;5;1;34;46m8[0;1;37;47m [0;5;37;46m8[0;5;37;45m8[0;5;37;46m8[0;5;37;47m8[0;1;35;47mS[0;5;37;46m8[0;1;35;47mX[0;5;37;46m8[0;1;35;47mS[0;5;37;46m8[0;1;37;47m [0;5;37;46m8[0;5;37;45m8[0;5;37;46m8[0;1;37;47m [0;5;37;46m8[0;1;35;47m%[0;5;37;46m8[0;5;37;45m8[0;5;37;46m8[0;1;37;47mt .    [0;1;36;47m@[0;1;35;47m%[0;1;36;47m@[0;1;35;47mS[0;36;47m8[0;35;47m8[0;1;37;47m:;[0;37;40m    [0m
[0;37;40m  [0;5;36;40m [0;1;37;47m [0;5;1;37;46m8[0;1;37;47m [0;1;36;47mSS[0;1;34;47mS[0;1;37;47m [0;5;1;34;46m8[0;5;37;47m8[0;1;37;47m [0;1;36;47mX[0;1;37;47m  [0;5;1;34;46m8[0;5;37;47m8[0;1;36;47mS[0;1;37;47m  [0;5;37;47m8[0;5;1;34;46m8[0;1;37;47m [0;5;1;34;46m8[0;1;37;47m [0;1;36;47mS[0;1;34;47mS[0;1;37;47m [0;5;37;46m8[0;5;37;45m8[0;5;37;46m8[0;1;37;47m [0;5;37;46m8[0;5;37;45m8[0;5;37;46m8[0;1;35;47m%[0;5;37;46m8[0;1;35;47mS[0;5;37;46m8[0;1;37;47m [0;1;36;47mS[0;5;37;47m8[0;1;35;47mS[0;1;36;47m%%X[0;1;34;47mX[0;1;36;47m%X[0;1;34;47mS[0;5;37;46m8[0;1;37;47m [0;1;30;47m88[0;5;37;47m8[0;37;40m    [0m
[0;37;40m  [0;5;36;40m [0;1;36;47mS[0;1;37;47m [0;5;1;34;46m8[0;5;37;47m8[0;5;37;44m8[0;5;37;47m8[0;5;37;46m8[0;5;37;45m8[0;5;37;46m8[0;1;35;47mX[0;5;1;34;46m8[0;5;37;47m8[0;5;37;44m8[0;5;37;47m8[0;5;37;44m8[0;5;37;47m8[0;5;1;36;44m8[0;5;37;47m8[0;5;1;36;44m8[0;5;37;47m8[0;1;37;47m  [0;5;37;46m8[0;5;37;45m8[0;5;1;37;46m@[0;1;35;47mX[0;5;37;46m8[0;1;37;47m [0;1;36;47mS[0;5;1;34;45m8[0;5;1;37;46m8[0;1;36;47mS[0;1;37;47m [0;5;37;46m8[0;5;37;45m8[0;5;37;46m8[0;1;37;47m [0;5;37;46m8[0;5;37;45m8[0;1;37;47m:[0;36;47mX[0;1;37;47m [0;1;34;47mS[0;1;37;47m [0;5;37;46m8[0;5;37;45m8[0;5;37;46m8[0;1;37;47m  [0;5;37;46m8[0;1;35;47mX[0;1;30;46m8[0;1;37;47mt[0;37;40m    [0m
[0;37;40m  [0;5;36;40m.[0;1;36;47m%[0;1;37;47m  [0;1;36;47mX[0;1;37;47m [0;5;1;34;46m8[0;5;37;47m8[0;1;36;47m@[0;1;35;47mS[0;5;37;46m8[0;1;37;47m [0;1;36;47mS[0;1;37;47m [0;5;37;46m8[0;1;37;47m [0;1;36;47mX[0;1;37;47m [0;1;36;47mX[0;1;35;47m%[0;5;37;46m8[0;1;35;47mX[0;5;37;46m8[0;5;37;45m8[0;5;37;46m8[0;1;36;47mSX[0;5;37;45m8[0;5;37;46m8[0;1;37;47m [0;5;1;37;46m8[0;1;35;47mX[0;5;37;46m8[0;5;37;45m8[0;5;37;46m8[0;1;36;47m%[0;1;37;47m [0;5;1;36;44m8[0;5;37;47m8[0;1;37;47m  [0;1;30;47mX[0;1;36;47mXS[0;1;34;47mS[0;5;37;47m8[0;5;1;34;46m8[0;1;37;47m [0;5;37;46m8[0;5;37;45m8[0;5;37;46m8[0;1;37;47m [0;1;30;47m8[0;1;37;47m [0;5;37;40mS[0;37;40m   [0m
[0;37;40m  [0;5;36;40m8[0;5;36;44m:.[0;36;47m8[0;5;36;44m [0;1;34;47m8[0;5;36;44m:[0;1;34;46m8[0;5;36;44m.[0;37;46m@[0;5;36;44m [0;1;34;47m8[0;5;36;44m [0;5;37;44m@[0;5;36;44m.[0;36;47m8[0;5;36;44m  [0;36;47m8[0;5;36;44m [0;37;46m@[0;5;36;44m [0;37;46m@[0;5;36;44m [0;37;46m@[0;5;36;44m .[0;5;36;46mt[0;5;35;44m:[0;5;36;44m:[0;37;46m8[0;5;36;44m [0;37;46mX[0;5;36;44m [0;36;47m8[0;5;36;44m [0;1;34;47m8[0;5;37;44m8[0;5;36;44mt[0;1;37;47mX; [0;5;36;44m [0;36;47m8[0;5;36;44m [0;1;34;46m8[0;36;47m8[0;5;36;44m [0;1;34;47m8[0;5;36;44m.[0;37;46m@[0;5;37;44m8[0;1;30;47m8;[0;5;37;40mX[0;37;40m   [0m
[0;37;40m  [0;5;36;40m8[0;37;46m88[0;1;34;46m8[0;36;47m8[0;37;46mX[0;36;47m88[0;37;46m8@[0;36;47m8[0;1;34;46m8[0;36;47m8[0;37;46m@[0;36;47m8[0;1;34;46m8[0;36;47m88[0;1;34;46m8[0;36;47m8[0;1;34;46m8[0;36;47m8[0;37;46m@@[0;5;36;44m:[0;36;47mX8[0;5;36;40m:[0;36;47m8[0;37;46m8@@[0;1;34;46m8[0;36;47m8[0;1;34;46m8[0;36;47m8[0;37;46mSX[0;1;30;46m8[0;1;37;47m.tS[0;1;30;46m8[0;1;34;46m8[0;36;47m8[0;37;46m8[0;5;36;44mt[0;36;47m8[0;1;30;46m8[0;37;46m@[0;1;34;46m8[0;1;30;47mSX[0;1;37;47m [0;5;37;40mX[0;37;40m   [0m
[0;37;40m  [0;5;36;40mS[0;36;47m8[0;1;36;47m8[0;36;47m@[0;1;34;47m8[0;1;36;47m8[0;5;37;44m8[0;36;47m8[0;1;34;47m8[0;1;36;47m8[0;1;34;47m8[0;1;36;47m8[0;36;47m88[0;1;36;47m8[0;36;47m8[0;1;34;47m8[0;1;36;47m8[0;36;47m8[0;1;36;47m8[0;36;47m@[0;1;34;47m8[0;1;36;47m8[0;36;47m8[0;1;36;47mX[0;36;47m88[0;1;34;47m8[0;1;36;47m8[0;5;37;44m8[0;36;47m8[0;1;36;47m@[0;1;34;47mX[0;1;36;47m8[0;36;47m@[0;1;34;47m8[0;36;47m8[0;1;37;47m [0;1;33;47m@8[0;37;43mX[0;33;47m8[0;5;37;43m@[0;37;43m88@[0;5;33;43mt[0;1;30;47m8[0;37;43m@[0;33;47m8[0;5;33;43m%[0;33;47m8[0;37;43mX[0;5;37;43mX[0;1;33;47m@X[0;37;40m  [0m
[0;37;40m  [0;5;36;40m.[0;1;36;47m%[0;1;34;47mS[0;1;36;47mSS[0;1;34;47mS[0;1;36;47mSSS[0;1;34;47mX[0;1;36;47m%S[0;1;34;47mS[0;1;36;47mS[0;1;34;47mX[0;1;37;47m [0;1;36;47m@[0;1;34;47mS[0;1;37;47m [0;1;34;47mX[0;1;36;47mSS[0;1;34;47mX[0;1;37;47m [0;1;36;47m@[0;1;34;47mS[0;1;36;47mSSS[0;1;37;47m [0;1;36;47m@[0;1;34;47mX[0;1;37;47m [0;1;36;47m@SS[0;1;34;47mX[0;1;33;47mX[0;5;37;43m8[0;5;33;43m   [0;5;33;41mt[0;5;33;43m;[0;1;31;43m8[0;5;33;43m:[0;1;31;43m8[0;5;33;43m:[0;1;31;43m8[0;5;33;43m [0;1;31;43m8[0;5;33;43m   [0;1;37;47mS[0;5;37;43m8[0;37;40m  [0m
[0;37;40m  [0;5;36;40m.[0;1;36;47m%S[0;1;34;47mS[0;1;36;47m%S[0;1;35;47mS[0;1;36;47m8[0;1;35;47mX[0;5;37;46m8[0;1;35;47mX[0;1;36;47m8[0;1;34;47mS[0;1;37;47m [0;5;37;46m8[0;1;34;47mS[0;1;36;47mSSXS[0;1;34;47mX[0;1;37;47m [0;5;37;46m8[0;1;34;47mX[0;1;37;47m [0;1;36;47m@[0;1;34;47mS[0;1;36;47m%[0;1;34;47mX[0;1;36;47mX[0;1;35;47mX[0;5;37;46m8[0;1;34;47mX[0;1;37;47m [0;5;37;44m8[0;1;37;47m [0;1;36;47m@[0;1;33;47mX[0;5;37;43m8[0;5;33;43m [0;5;33;41m [0;5;33;43m;S[0;1;33;43m:[0;5;33;43m [0;1;31;43m8[0;1;33;43mt[0;5;33;43m.[0;1;31;43m8[0;5;33;43m.[0;1;33;43m:[0;5;1;31;43m8[0;5;33;43m  [0;1;33;47mX[0;5;37;47m8[0;37;40m  [0m
[0;37;40m  [0;5;36;40m:[0;1;36;47mX[0;1;34;47mX[0;1;36;47mS[0;1;34;47mX[0;1;36;47m@[0;5;37;44m8[0;1;36;47mX[0;1;34;47m@[0;1;36;47mX[0;1;34;47m8[0;1;36;47mSX[0;5;37;44m8[0;1;37;47m [0;1;36;47m@[0;1;34;47m@SS[0;1;36;47mS[0;1;34;47mS[0;1;36;47mX[0;1;35;47m@[0;5;37;46m8[0;5;37;44m8[0;1;37;47m [0;5;37;46m8[0;1;35;47m@[0;5;37;46m8[0;1;34;47m@[0;1;36;47m8[0;1;34;47mX[0;1;36;47mXXS[0;1;34;47mXX[0;1;33;47mX[0;5;37;43m8X[0;5;33;43m [0;1;33;43m;[0;5;33;43m [0;5;33;41m;[0;1;33;43mS[0;5;33;43m;[0;5;33;41m%[0;5;33;43mS[0;1;33;43m:[0;5;1;31;43m8[0;5;33;43m [0;1;33;43m.[0;5;1;31;43m@[0;5;37;43mS[0;5;1;37;43m8[0;5;37;43m8[0;37;40m  [0m
[0;37;40m  [0;1;30;46m8[0;1;34;47mS[0;1;36;47m@[0;5;37;44m8[0;1;36;47mS[0;1;34;47m@[0;1;36;47mX[0;1;34;47mX[0;1;36;47m@[0;1;34;47m@[0;1;36;47m@[0;1;34;47m8[0;1;36;47mX[0;1;34;47mX[0;1;36;47m8[0;5;37;44m8[0;1;36;47m%@[0;5;37;44m8[0;1;36;47mX[0;1;34;47m@[0;1;36;47m8[0;5;37;44m8[0;1;36;47mX[0;1;34;47mX8[0;1;36;47m8[0;5;37;44m8[0;1;36;47mS[0;1;34;47m@X[0;1;36;47mX[0;5;37;44m8[0;1;34;47mS@[0;1;36;47m@[0;1;30;47m8[0;1;37;47m [0;5;37;43m@[0;5;1;31;43mS[0;5;33;43m [0;5;1;31;43m8[0;5;33;43mt[0;1;33;43mt[0;5;33;43m:[0;1;31;43m8[0;5;33;43mX[0;1;31;43m8[0;5;33;43m [0;1;31;43m8[0;5;33;43m [0;5;1;31;43m8[0;5;33;43m  [0;1;37;47mX[0;5;37;43m8[0;37;40m  [0m
[0;37;40m   [0;1;30;46m@[0;1;30;44m8[0;1;30;46m8[0;1;34;44m8[0;5;36;40mS[0;36;44m8[0;1;30;46m8[0;35;44m@[0;1;30;46m8[0;36;44mX[0;5;34;40mS[0;36;44m8[0;5;34;40mX[0;1;34;44m8[0;5;36;40m%[0;1;34;44m8[0;5;36;40mS[0;36;44m8[0;1;30;44m8[0;34;46m8[0;35;44m8[0;1;30;46m8[0;36;44m@[0;1;30;46m8[0;36;44m8[0;5;34;40m@[0;34;46m8[0;1;30;44m8[0;1;30;46m8[0;36;44m@[0;5;34;40mS[0;1;30;46m8[0;36;44m8[0;1;30;46m8[0;1;34;44m@[0;5;36;40m@[0;1;33;47m8[0;5;37;43m8S[0;5;1;31;43m8[0;5;33;43m.[0;1;31;43m8[0;5;33;43m [0;5;33;41m@[0;1;33;43mX[0;5;33;43mt[0;1;31;43m8[0;5;33;43m:[0;1;33;43m.[0;5;1;31;43m8[0;5;33;43m. [0;5;1;31;43m8[0;5;1;37;43m8[0;1;37;47m8[0;37;40m  [0m
[0;37;40m                                       [0;1;33;47m8[0;5;37;43m8[0;5;33;43m  [0;5;33;41m.[0;5;33;43m;[0;1;31;43m8[0;5;33;43m%[0;1;31;43m8[0;5;33;43m%[0;1;33;43m.[0;5;1;31;43m8[0;5;33;43m [0;1;31;43m8[0;5;33;43m [0;1;31;43m8[0;5;37;43mt[0;5;1;37;43m8[0;5;37;43m8[0;37;40m  [0m
[0;37;40m                                       [0;1;33;47m8[0;5;37;43m8[0;5;1;31;43m@[0;5;33;43m ;[0;1;33;43m%[0;5;33;43m.[0;1;31;43m8[0;5;33;43m%[0;1;31;43m8[0;5;33;43m [0;1;31;43m8[0;5;33;43m:[0;1;33;43m.[0;5;33;43m  [0;5;37;43m%[0;5;1;33;47m8[0;1;37;47m8[0;37;40m  [0m
[0;37;40m                                       [0;1;33;47m8[0;5;37;43m8X[0;5;33;43m [0;5;33;41m.[0;5;33;43m;[0;1;33;43m.[0;5;33;43m.[0;1;31;43m8[0;5;33;43m%[0;1;31;43m8[0;5;33;43m:[0;5;33;41m;[0;5;33;43m [0;5;33;41m [0;5;33;43m  [0;5;37;43m8[0;1;33;47mS[0;37;40m  [0m
[0;37;40m                                                            [0m
[0;37;40m                                                            [0m
[0;37;40m                                                            [0m
