[0;37;40m                                                            [0m
[0;37;40m                                                            [0m
[0;37;40m                                                            [0m
[0;37;40m    [0;1;36;47mSX[0;36;47m@[0;1;36;47mXX[0;36;47mX[0;1;36;47mXXX[0;36;47mX[0;1;36;47mXXX[0;36;47mX[0;1;36;47mX[0;37;40m                                         [0m
[0;37;40m    [0;36;47m8[0;1;36;47m@[0;1;34;47m@[0;1;36;47m8[0;5;37;44m8[0;1;36;47mX[0;5;37;44m8[0;1;36;47mX[0;5;37;44m8[0;1;36;47mX[0;5;37;44m8[0;1;36;47mX[0;5;37;44m8[0;1;36;47mX[0;1;34;47m@[0;5;36;40mSSSSSSSSS%S%S%S%%%%%%%%t%%t%ttttt%[0;37;40m       [0m
[0;37;40m    [0;36;47m8[0;1;34;47m8[0;1;36;47m8[0;5;37;44m8[0;1;36;47mX[0;1;34;47m@[0;1;36;47m8[0;1;34;47m@[0;1;36;47m@[0;1;34;47m8[0;1;36;47m@[0;1;34;47m@[0;1;36;47m@[0;1;34;47m8[0;1;36;47m8[0;1;34;47m8[0;1;36;47m8[0;1;34;47m8[0;1;36;47m8[0;1;34;47m8[0;36;47m8[0;1;34;47m8[0;1;36;47m8[0;1;34;47m8[0;36;47m8[0;1;36;47m8[0;1;34;47m8[0;36;47m8[0;1;36;47m8[0;1;34;47m8[0;1;36;47m8[0;1;34;47m8[0;1;36;47m8[0;1;34;47m8[0;1;36;47m8[0;1;34;47m8[0;1;36;47m8[0;1;34;47m8[0;1;36;47m8[0;1;34;47m8[0;1;36;47m8[0;1;34;47m8[0;1;36;47m8[0;1;34;47m8[0;1;36;47m8[0;1;34;47m8[0;1;36;47m8[0;1;34;47m8[0;1;36;47m8[0;36;47m88[0;37;40m     [0m
[0;37;40m    [0;36;47m8[0;1;36;47m8[0;5;37;44m8[0;1;36;47m@[0;1;34;47m8[0;1;36;47m8[0;5;37;44m8[0;1;36;47m8[0;5;37;44m8[0;1;36;47m8[0;5;37;44m8[0;1;36;47m8[0;5;37;44m8[0;1;36;47m8[0;5;37;44m8[0;1;36;47m8[0;5;37;44m8[0;36;47m8[0;5;36;44mS[0;36;47m8[0;37;46m8[0;5;36;44mt[0;36;47m8[0;37;46m@[0;5;36;44m:[0;36;47m8[0;1;34;46m8[0;36;47m8[0;5;36;44mt[0;36;47m8[0;1;34;46m8[0;1;30;47m8[0;5;36;44mS[0;36;47m8[0;1;34;46m8[0;1;30;47m8[0;1;34;46m8[0;36;47m8[0;5;36;44mX[0;36;47m8[0;1;34;46m8[0;1;30;47m8[0;1;34;46m8[0;36;47m8[0;5;36;44mX[0;36;47m8[0;1;34;46m8[0;36;47m8[0;5;36;44mS[0;36;47m@[0;1;34;46m8[0;37;40m     [0m
[0;37;40m    [0;36;47m8[0;1;34;47m8[0;36;47m8[0;5;37;44m8[0;36;47m8[0;5;37;44m8[0;36;47m8[0;1;34;47m8[0;36;47m8[0;1;34;47m8[0;36;47m8[0;1;34;47m8[0;36;47m8[0;1;34;47m8[0;36;47m8[0;1;34;46m8[0;36;47m@8[0;1;30;47mS[0;1;36;47m@[0;1;30;47m8[0;1;37;47m [0;36;47m8[0;1;36;47mS[0;1;30;47mX[0;1;36;47mS[0;1;30;47m8[0;1;36;47mS[0;1;30;47m@[0;1;36;47mS[0;1;30;47m8[0;1;36;47m@[0;1;30;47m@[0;1;36;47mS[0;1;30;47m8[0;1;36;47m@[0;1;30;47m8[0;1;36;47mS[0;1;30;47m8[0;1;36;47mS[0;1;30;47m8[0;1;36;47m@[0;1;30;47m8[0;1;36;47mS[0;1;30;47m8[0;1;36;47mS[0;1;30;47m8[0;1;36;47mS[0;1;30;47m@[0;1;37;47m [0;1;36;47mS[0;37;40m     [0m
[0;37;40m    [0;1;30;46m8[0;36;47m8[0;5;36;44mt[0;36;47m8[0;37;46m@8[0;5;36;44m:[0;36;47m8[0;1;34;46m8[0;36;47m8[0;5;36;44m;[0;36;47m8[0;1;34;46m8[0;36;47m8[0;37;46m8[0;36;47m8[0;5;34;44m8[0;1;37;47m:  [0;5;37;46m8[0;1;37;47m           [0;1;36;47mS[0;1;37;47m         [0;1;36;47m%[0;1;37;47m     [0;5;37;46m8[0;1;37;47m  .[0;37;40m    [0m
[0;37;40m   [0;5;36;40mS[0;36;47m8[0;37;46m8[0;1;30;47m8[0;37;46m@[0;5;37;44m8[0;36;47m88888888[0;5;36;44mS[0;1;30;47m8[0;37;46m8[0;1;30;47mS[0;1;36;47mSS[0;1;37;47m [0;5;37;47m8[0;5;37;46m8[0;1;37;47m [0;5;1;37;46m8[0;1;37;47m [0;5;1;37;46m8[0;1;36;47mS[0;5;1;37;46m8[0;1;37;47m [0;5;1;37;46m8[0;1;36;47mS[0;1;37;47m [0;5;1;37;46m8[0;1;35;47mS[0;5;1;37;46m8[0;1;36;47mS[0;5;1;37;46m8[0;1;35;47m%[0;5;1;37;46m@[0;1;37;47m [0;5;1;37;46m8[0;1;37;47m [0;5;1;37;46m8[0;1;35;47mS[0;5;1;37;46m8[0;1;36;47m%[0;5;1;37;46m8[0;1;35;47mS[0;5;37;47m8[0;5;37;46m8[0;1;37;47m [0;1;36;47mS[0;37;40m    [0m
[0;37;40m  [0;1;30;47m8[0;1;37;47m [0;1;36;47mS[0;1;37;47m [0;1;36;47mS[0;1;37;47m :[0;1;36;47mS[0;1;37;47m  [0;1;36;47mS[0;1;37;47m  [0;1;36;47mS[0;1;37;47m t[0;1;36;47mS[0;1;37;47m [0;1;36;47mS[0;1;37;47m [0;5;1;36;47m8[0;5;37;44m8[0;5;37;47m8[0;1;34;47mS[0;5;37;47m8[0;5;1;36;44m8[0;5;37;47m8[0;5;1;35;44m8[0;5;37;47m8[0;1;34;47mX[0;5;37;47m8[0;5;37;44m8[0;5;37;47m8[0;5;1;36;44m8[0;5;37;47m8[0;1;36;47mX[0;1;35;47mX[0;1;36;47mS[0;1;35;47mS[0;5;37;46m8[0;5;37;45m8[0;5;37;46m8[0;5;37;45m8[0;5;37;46m8[0;5;37;45m8[0;5;37;46m8[0;1;37;47m [0;1;35;47mS[0;5;37;46m8[0;1;37;47m [0;5;1;34;46m8[0;5;37;47m8[0;1;36;47mS[0;1;37;47m [0;37;40m    [0m
[0;37;40m  [0;5;37;40m8[0;1;36;47mS[0;1;37;47m [0;1;36;47mS[0;1;37;47m [0;5;37;46m8[0;1;37;47m [0;1;36;47m%S[0;1;37;47m [0;5;37;46m8[0;1;37;47m [0;5;37;46m8[0;1;37;47m  [0;5;37;46m8[0;1;37;47m [0;5;37;47m8[0;5;37;46m8[0;1;35;47mS[0;1;36;47m%[0;5;37;47m8[0;5;1;34;46m8[0;5;37;47m8[0;1;36;47mX[0;5;37;47m8[0;1;36;47mX[0;1;37;47m:[0;5;37;46m8[0;1;37;47m [0;5;37;46m8[0;5;37;47m8[0;1;36;47mX[0;5;37;47m8[0;5;37;44m8[0;5;37;47m8[0;5;37;46m8[0;1;37;47m [0;5;1;37;46m8[0;1;35;47mS[0;5;1;37;46m8[0;1;37;47m [0;5;1;37;46m8[0;1;37;47m [0;5;37;46m8[0;5;37;47m8[0;5;1;34;46m8[0;5;37;47m8[0;1;35;47mS[0;5;1;37;46m8[0;5;37;45m8[0;1;36;47mS[0;1;37;47m [0;5;37;46m8[0;37;40m    [0m
[0;37;40m  [0;5;37;40m8[0;1;36;47mS[0;1;37;47m [0;5;37;46m8[0;5;1;37;45m8[0;5;37;46m8[0;1;37;47m [0;5;37;47m8[0;5;1;36;44m8[0;5;37;47m8[0;1;35;47mS[0;5;1;37;46m8[0;5;37;45m8[0;5;1;37;46m8[0;1;37;47m [0;5;37;47m8[0;5;1;36;44m8[0;1;37;47m [0;5;37;47m8[0;5;1;34;46m8[0;5;37;47m8[0;1;36;47mX[0;1;37;47m [0;1;36;47mS[0;5;1;34;45m8[0;5;37;46m8[0;1;37;47m [0;5;1;37;46m8[0;5;37;45m8[0;5;37;46m8[0;5;37;45m8[0;5;37;46m8[0;1;35;47mX[0;5;37;46m8[0;5;37;47m8[0;5;37;44m8[0;5;37;47m8[0;5;37;44m8[0;5;37;47m8[0;5;37;46m8[0;1;35;47mX[0;5;37;46m8[0;5;37;45m8[0;5;37;46m8[0;5;37;45m8[0;5;37;46m8[0;5;37;47m8[0;5;37;44m8[0;5;37;47m8[0;1;36;47m@[0;1;37;47m [0;5;37;46m8[0;5;1;37;45m8[0;1;36;47mS[0;37;40m    [0m
[0;37;40m  [0;5;37;40m8[0;1;36;47mS[0;1;37;47m [0;1;36;47mSS[0;1;37;47m [0;5;1;34;46m8[0;5;37;47m8[0;1;37;47m [0;5;37;46m8[0;1;35;47mS[0;5;37;46m8[0;1;37;47m [0;1;36;47mS[0;5;37;44m8[0;5;37;47m8[0;1;37;47m [0;5;37;46m8[0;5;37;45m8[0;1;37;47m:[0;5;37;46m8[0;5;37;45m8[0;5;37;46m8[0;5;37;47m8[0;5;37;46m8[0;1;37;47m  [0;1;36;47mS%[0;5;37;47m8[0;5;37;46m8[0;1;37;47m [0;5;37;46m8[0;5;37;45m8[0;5;37;46m8[0;5;37;47m8[0;5;37;46m8[0;1;37;47m [0;1;36;47mS[0;1;35;47mS[0;5;37;46m8[0;1;37;47m [0;5;1;37;46m8[0;1;37;47m [0;5;37;46m8[0;5;37;45m8[0;5;37;46m8[0;5;37;47m8[0;5;1;36;44m8[0;5;37;47m8[0;1;36;47mX[0;1;37;47m [0;5;37;46m8[0;1;37;47m [0;37;40m    [0m
[0;37;40m  [0;5;37;40m@[0;1;36;47mS[0;1;37;47m [0;5;37;46m8[0;5;1;37;45m8[0;5;37;46m8[0;5;1;35;47m8[0;5;37;46m8[0;5;37;45m8[0;5;37;46m8[0;1;37;47m [0;5;37;47m8[0;5;1;36;44m8[0;5;37;47m8[0;1;37;47m [0;5;1;34;46m8[0;5;37;47m8[0;1;36;47mS[0;5;37;46m8[0;1;37;47m [0;1;36;47m%[0;5;37;46m8[0;5;37;45m8[0;5;37;46m8[0;1;37;47m [0;5;37;47m8[0;5;1;36;44m8[0;5;37;47m8[0;5;1;36;44m8[0;5;37;47m8[0;1;34;47mX[0;5;37;47m8[0;1;34;47mX[0;5;1;36;47m8[0;1;35;47mS[0;5;37;46m8[0;1;35;47mX[0;5;37;46m8[0;1;37;47m [0;5;1;37;46m8[0;5;37;45m8[0;5;37;46m8[0;5;37;45m8[0;5;37;46m8[0;5;37;47m8[0;1;36;47mX[0;1;37;47m [0;1;36;47m%[0;1;37;47m [0;1;36;47mS[0;5;37;45m8[0;5;37;46m8[0;1;35;47m%[0;5;37;46m8[0;37;40m    [0m
[0;37;40m  [0;5;36;40m [0;1;37;47m [0;5;37;46m8[0;5;37;45m8[0;5;37;46m8[0;1;37;47m [0;5;37;46m8[0;1;35;47mS[0;5;37;46m8[0;5;37;47m8[0;5;1;36;44m8[0;5;37;47m8[0;1;37;47m [0;5;37;46m8[0;5;37;47m8[0;1;35;47m%[0;5;37;46m8[0;5;37;45m8[0;5;37;46m8[0;5;37;47m8[0;5;1;35;44m8[0;5;37;47m8[0;5;37;46m8[0;1;37;47m [0;5;1;34;46m8[0;5;37;47m8[0;1;37;47m  [0;5;37;47m8[0;5;1;36;44m8[0;5;37;47m8[0;5;1;34;46m8[0;5;37;47m8[0;1;34;47m@[0;1;36;47mS[0;1;37;47m [0;5;37;46m8[0;5;1;37;45m8[0;5;37;46m8[0;1;35;47mX[0;5;37;46m8[0;1;37;47m [0;5;37;46m8[0;5;37;45m8[0;5;37;46m8[0;1;35;47mS[0;5;37;46m8[0;1;35;47mS[0;5;37;46m8[0;1;37;47m [0;5;37;46m8[0;5;37;47m8[0;5;1;36;44m8[0;5;37;47m8[0;37;40m    [0m
[0;37;40m  [0;5;36;40m [0;1;37;47m.[0;5;37;46m8[0;1;37;47m [0;5;37;46m8[0;5;37;45m8[0;5;37;46m8[0;1;37;47m [0;1;36;47mS[0;1;35;47mS[0;1;37;47m [0;5;37;46m8[0;5;37;45m8[0;5;37;46m8[0;1;34;47mS[0;1;36;47m%[0;1;37;47m [0;5;37;46m8[0;5;37;45m8[0;5;37;46m8[0;5;37;47m8[0;5;37;46m8[0;1;35;47mS[0;1;37;47m [0;5;37;47m8[0;5;1;36;44m8[0;5;37;47m8[0;5;1;36;44m8[0;5;37;47m8[0;1;37;47m [0;1;36;47mS[0;1;37;47m [0;1;36;47mS[0;1;37;47m [0;5;37;46m8[0;5;37;45m8[0;5;37;46m8[0;1;37;47m [0;1;36;47mSS[0;1;37;47m  [0;5;1;37;46m8[0;1;37;47m [0;1;36;47mS%[0;1;37;47m [0;5;37;46m8[0;5;1;37;45m8[0;5;37;46m8[0;5;37;45m8[0;5;37;46m8[0;5;37;47m8[0;1;34;47mS[0;37;40m    [0m
[0;37;40m  [0;5;36;40m [0;1;37;47m. [0;5;1;37;46m8[0;5;37;45m8[0;5;37;46m8[0;1;37;47m [0;5;37;46m8[0;5;37;45m8[0;5;37;46m8[0;1;37;47m [0;5;37;46m8[0;1;37;47m  [0;5;1;37;46m8[0;5;37;45m8[0;5;37;46m8[0;1;37;47m [0;5;37;46m8[0;1;37;47m [0;5;37;46m8[0;1;35;47mX[0;5;37;46m8[0;1;36;47mS[0;1;35;47mS[0;1;36;47m%[0;1;37;47m  [0;5;37;46m8[0;1;35;47mX[0;5;37;46m8[0;5;37;45m8[0;5;37;46m8[0;1;37;47m [0;1;36;47m%[0;5;37;46m8[0;5;37;45m8[0;5;37;46m8[0;1;37;47m. [0;5;37;47m8[0;1;35;47mX[0;1;37;47m  [0;1;35;47mX[0;1;36;47mS[0;1;35;47mS[0;1;37;47m [0;1;36;47mX[0;1;37;47m [0;5;37;46m8[0;1;35;47mS[0;1;36;47mX[0;1;37;47m [0;37;40m    [0m
[0;37;40m  [0;5;36;40m [0;5;37;46m8[0;1;35;47m%[0;5;37;46m8[0;1;36;47m%[0;1;37;47m [0;1;36;47mS[0;5;37;45m8[0;5;37;46m8[0;1;37;47m [0;5;1;34;46m8[0;5;1;35;47m8[0;5;37;46m8[0;5;37;45m8[0;5;37;46m8[0;1;36;47mS[0;1;35;47m%[0;5;37;46m8[0;5;37;45m8[0;5;37;46m8[0;1;35;47mX[0;5;37;46m8[0;5;37;45m8[0;5;37;46m8[0;1;36;47mS[0;1;37;47m [0;5;1;34;46m8[0;5;37;47m8[0;5;37;44m8[0;5;37;47m8[0;5;37;46m8[0;1;37;47m [0;1;36;47mS[0;5;1;35;44m8[0;5;37;47m88[0;1;37;47m@88S :%[0;1;30;47m:[0;5;37;40m8[0;1;30;47m [0;1;37;47m :S8888 [0;37;40m    [0m
[0;37;40m  [0;5;36;40m [0;1;37;47m [0;5;37;46m8[0;5;37;45m8[0;5;37;46m8[0;1;35;47mS[0;5;37;46m88[0;1;37;47m [0;5;37;47m8[0;1;36;47mS[0;1;34;47mS[0;1;36;47mS[0;5;37;46m8[0;5;37;45m8[0;5;37;46m8[0;1;37;47m [0;5;37;46m8[0;1;37;47m [0;1;36;47m%S[0;1;37;47m [0;5;37;46m8[0;5;37;45m8[0;5;37;46m8[0;1;37;47m [0;5;37;47m8[0;5;1;36;44m8[0;5;37;47m8[0;5;37;44m8[0;1;37;47m [0;5;37;46m8[0;5;37;47m88[0;1;37;47m 8; ..  [0;1;30;47m@S[0;5;35;40m;[0;1;30;47m8X%[0;1;37;47m [0;1;30;47m%[0;1;37;47m  .t[0;1;30;47m@[0;37;40m   [0m
[0;37;40m  [0;5;36;40m [0;1;37;47m [0;5;37;46m8[0;1;37;47m [0;5;37;46m8[0;1;35;47mS[0;1;36;47mS[0;5;37;45m8[0;5;1;34;46m@[0;1;37;47m [0;5;37;46m8[0;1;35;47mS[0;5;37;46m8[0;1;35;47mS[0;5;37;46m8[0;1;35;47mS[0;5;37;46m8[0;5;37;45m8[0;5;37;46m8[0;5;37;45m8[0;5;37;46m8[0;1;35;47mS[0;5;37;46m8[0;1;36;47m%[0;1;35;47mS[0;5;1;34;46m8[0;1;37;47m  [0;5;37;46m8[0;1;37;47m [0;5;37;46m8[0;5;37;45m8[0;1;36;47mS[0;1;37;47m%8 ::[0;1;33;47mX[0;1;30;47m8[0;33;47m8[0;5;33;40mt[0;1;30;43m8[0;1;30;41mS[0;5;31;40m8[0;5;33;40mS.[0;1;30;47m8[0;33;47m8[0;1;37;47m [0;1;33;47mS[0;1;37;47m ;S[0;1;33;47mS[0;1;30;47mX[0;37;40m  [0m
[0;37;40m  [0;5;36;40m.[0;1;37;47m [0;1;36;47mS[0;1;35;47mX[0;5;37;46m8[0;1;34;47mS[0;5;1;37;46m8[0;1;36;47mS[0;1;37;47m [0;5;37;44m8[0;5;37;47m8[0;5;1;34;46m8[0;5;37;47m8[0;1;34;47mX[0;1;36;47m%S[0;1;35;47mS[0;5;37;46m8[0;1;37;47m [0;5;37;46m8[0;1;35;47mS[0;5;37;46m8[0;5;37;45m8[0;5;37;46m8[0;1;37;47m [0;5;37;47m8[0;5;1;36;44m8[0;5;37;47m8[0;1;34;47mX[0;1;37;47m [0;5;37;46m8[0;1;37;47m @[0;1;30;47m @[0;33;47m8[0;37;43m@[0;1;31;43m8[0;5;33;40m [0;1;30;43m8[0;5;35;40mt[0;1;30;43m8[0;5;35;40mS[0;5;33;40m88X8[0;1;30;41m8[0;5;33;40m8[0;1;30;41m8[0;5;33;40m@[0;1;30;43m8[0;1;31;43m8[0;33;47m@@X[0;1;30;47m8[0;37;40m [0m
[0;37;40m  [0;5;36;40m8[0;5;36;44m:[0;1;34;46m8[0;5;1;36;44m8[0;5;37;44m8[0;5;36;44m.[0;36;47m8[0;5;34;44m [0;1;36;47m8[0;5;36;44m [0;37;46m8[0;5;35;44m.[0;37;46m8[0;5;36;44m [0;36;47m8[0;5;36;44m [0;5;1;34;46m8[0;5;36;44m:[0;5;37;44m8[0;5;36;44m [0;5;36;46m:[0;5;35;44m;[0;37;46mX[0;5;36;44m  [0;37;46m@[0;5;37;44m8[0;5;36;44m:[0;1;36;46m;[0;5;37;44m8[0;5;36;44m [0;1;37;47m.:;%[0;1;33;47mS[0;5;37;47m8[0;1;37;47mtSt[0;1;33;47mS[0;1;37;47m.[0;1;33;47mS[0;1;37;47m [0;1;33;47m%[0;1;37;47m [0;1;33;47mS[0;1;37;47m [0;1;33;47mX[0;1;30;47mS[0;1;33;47mS[0;1;37;47m [0;1;33;47mS[0;33;47mX[0;1;33;47mX[0;33;47m88[0;37;40m [0m
[0;37;40m  [0;5;36;40m8[0;37;46m8[0;36;47m8[0;1;30;46m8[0;36;47m8[0;37;46m8[0;5;36;44mt[0;36;47m8[0;1;34;46m8[0;36;47m8[0;37;46m@[0;36;47m8[0;5;36;44mt[0;36;47m8[0;1;34;46m8[0;36;47m88[0;37;46m8@[0;36;47m8[0;1;30;45m8[0;37;46mX@[0;36;47m8[0;37;46m@[0;1;34;46m8[0;36;47m88[0;5;36;44m:[0;36;47m88[0;1;30;47m@[0;1;37;47m%[0;1;33;47mS[0;1;37;47m%[0;5;37;43m8[0;1;37;47m [0;5;37;43m8[0;5;37;47m8[0;5;37;43m8[0;1;37;47m :[0;1;33;47mX[0;1;37;47m [0;1;33;47mX%%X[0;1;30;47m8[0;1;33;47mX[0;1;31;47mX[0;1;33;47m@[0;1;30;47m8[0;1;33;47m@[0;1;31;47m@[0;33;47mX[0;5;33;40m;[0;37;40m [0m
[0;37;40m  [0;5;36;40mS[0;36;47m8[0;1;34;47m8[0;1;36;47m8[0;5;37;44m8[0;36;47m@@8@[0;1;34;47m8[0;36;47m8[0;1;34;47m8[0;1;36;47m@[0;36;47m8[0;1;36;47m@[0;36;47m8[0;5;37;44m8[0;36;47m8[0;1;34;47m8[0;1;36;47m8[0;1;34;47m8[0;1;36;47m8[0;5;37;44m8[0;1;36;47m8[0;36;47m8[0;1;36;47m@[0;5;37;44m8[0;36;47m@[0;1;36;47mX[0;36;47m88[0;1;30;47mX[0;1;37;47m%%[0;5;37;43m8[0;5;37;47m8[0;1;37;47m  [0;5;37;43m8[0;1;37;47m [0;5;1;37;43m8[0;1;37;47m [0;1;33;47mS%[0;1;37;47m [0;1;33;47mX[0;1;35;47mX[0;1;33;47m8S[0;1;31;47mS[0;1;33;47mS[0;33;47mX[0;1;31;47mX[0;33;47m@[0;1;33;47mX[0;33;47m@[0;1;30;43m8[0;37;40m [0m
[0;37;40m  [0;5;36;40m.[0;1;36;47mSS[0;1;35;47mS[0;1;36;47m@S%%SSS%%[0;1;34;47mS[0;1;37;47m [0;1;36;47m@[0;1;37;47m [0;1;36;47mXS[0;1;34;47mS[0;1;36;47mXS%[0;1;34;47mX[0;1;37;47m [0;1;36;47mX%S[0;1;34;47mS[0;1;36;47mSS[0;1;37;47m .; [0;5;37;43m8[0;1;37;47m [0;5;1;37;43m8[0;1;35;47mS[0;1;37;47m [0;1;33;47mS%[0;1;37;47m [0;1;33;47mX[0;1;31;47mS[0;1;33;47mS@[0;35;47m@[0;1;33;47mX[0;33;47mS[0;1;33;47mX[0;1;31;47mX[0;1;33;47mX[0;33;47m@[0;1;31;47mX[0;1;33;47mS[0;37;40m  [0m
[0;37;40m  [0;5;36;40m.[0;1;37;47m [0;1;36;47m8[0;1;34;47m@[0;1;36;47mS[0;1;34;47mS[0;1;36;47m%[0;1;34;47mX[0;1;37;47m [0;5;37;44m8[0;1;37;47m [0;1;36;47mX[0;1;34;47mX[0;1;36;47mS[0;1;34;47mX[0;1;36;47mS[0;1;34;47mX[0;1;36;47mS[0;1;34;47mS[0;1;36;47mS[0;1;34;47mS[0;1;36;47m%[0;1;34;47mS[0;1;36;47mS[0;1;34;47mX[0;1;36;47mS[0;1;34;47mX[0;1;37;47m [0;1;36;47m@[0;1;34;47mX[0;1;37;47m  .[0;1;33;47mX[0;1;37;47m  [0;5;37;43m8[0;1;35;47mS[0;5;37;43m8[0;1;37;47m [0;1;33;47mS[0;1;35;47mS[0;5;37;43m8[0;1;35;47mS[0;1;33;47m@[0;1;31;47mS[0;1;33;47mSX[0;1;31;47mX[0;1;33;47mX[0;35;47mX[0;1;33;47m8[0;33;47m@[0;1;31;47mX[0;33;47m@@[0;37;40m  [0m
[0;37;40m  [0;5;36;40m:[0;1;36;47m@[0;1;34;47mX[0;1;36;47mX[0;1;34;47mS[0;1;36;47mX[0;1;34;47mX[0;1;36;47mSXS[0;5;37;44m8[0;1;37;47m [0;1;36;47m@[0;1;34;47mS[0;1;36;47mX[0;1;34;47mX[0;1;36;47mS[0;1;34;47mS[0;1;36;47mX[0;1;34;47mS[0;1;36;47mS[0;1;34;47mX[0;1;36;47mS[0;1;34;47mX[0;1;36;47mS[0;1;34;47mX[0;1;36;47mX[0;1;34;47mX[0;1;36;47mS[0;1;34;47mX[0;5;37;46m8[0;1;35;47m@[0;1;37;47m. [0;5;37;43m8[0;1;37;47m  [0;1;33;47mX[0;1;37;47m [0;1;33;47m@[0;1;31;47mS[0;1;33;47mXS@[0;1;31;47mS[0;1;33;47mS[0;35;47mX[0;1;33;47m8[0;1;30;47m8[0;1;33;47m8[0;1;31;47m8[0;33;47m@X[0;1;33;47m@[0;33;47m@X[0;37;40m  [0m
[0;37;40m  [0;1;30;46m8[0;1;34;47mS[0;1;36;47m@[0;1;34;47m8[0;1;36;47m@[0;1;34;47m8[0;1;36;47mX[0;5;37;44m8[0;1;34;47mS[0;1;36;47mX[0;1;34;47mX[0;1;36;47m8[0;5;37;44m8[0;1;36;47mS[0;1;34;47m@[0;1;36;47m@[0;1;34;47m@[0;1;36;47m@[0;1;34;47m@[0;1;36;47m@[0;1;34;47m@[0;1;36;47m@[0;1;34;47m@[0;1;36;47m@[0;5;37;44m8[0;1;36;47mS[0;1;34;47m@[0;1;36;47m@[0;5;37;44m8[0;1;36;47mS[0;1;34;47m8[0;36;47m@[0;1;37;47m [0;1;33;47mX[0;1;37;47m [0;1;33;47m@[0;1;31;47mS[0;1;33;47mS[0;1;31;47mS[0;1;37;47m [0;1;33;47m@[0;1;31;47mS[0;1;33;47m%[0;1;31;47mX[0;1;33;47mS[0;33;47mX[0;1;33;47m@[0;1;31;47m@[0;33;47mX@[0;1;33;47mX[0;33;47m@[0;1;31;47m@[0;33;47m@[0;1;31;47m@[0;33;47m@[0;37;40m  [0m
[0;37;40m   [0;1;30;46m@[0;1;30;44m8[0;34;46m8[0;1;30;44m8[0;1;30;46m8[0;5;34;44m8[0;5;36;40mt[0;1;34;46m8[0;1;30;44m8[0;34;46m8[0;1;30;45m8[0;34;46mX[0;36;44m8[0;5;36;40mS[0;1;34;44m8[0;5;36;40m@[0;1;34;44m@[0;5;36;40mX[0;1;34;44m@[0;5;36;40mX[0;1;34;44mX[0;5;36;40m@[0;1;30;44m8[0;1;30;46m8[0;1;34;44m@[0;5;36;40mX[0;36;44m@[0;5;36;40mt[0;1;34;44m8[0;5;36;40m@S[0;1;30;47mS[0;1;33;47mS[0;1;31;47mX[0;1;33;47mS%SX[0;1;31;47mX[0;1;33;47mSS[0;1;31;47mX[0;1;33;47mS[0;33;47mX[0;1;31;47mX[0;33;47mX[0;1;33;47mX[0;1;31;47mX[0;33;47m@[0;1;31;47mX[0;33;47m@[0;1;33;47m@[0;33;47m@@@[0;37;40m  [0m
[0;37;40m                                  [0;1;30;47m;[0;1;33;47m@S[0;1;31;47mX[0;1;33;47mS[0;1;31;47m@[0;1;33;47m%X[0;1;31;47m@[0;1;33;47mS[0;33;47mX[0;1;31;47mX[0;1;33;47mX[0;33;47mX[0;1;33;47m@[0;35;47m@[0;1;33;47m8[0;33;47m@@@[0;1;31;47m@[0;33;47m@8@[0;37;40m  [0m
[0;37;40m                                  [0;1;30;47m%[0;33;47m8S[0;1;33;47mX[0;35;47m@[0;1;33;47m@[0;1;31;47m@[0;1;30;47m8[0;1;33;47m@[0;35;47m@[0;1;33;47m8[0;33;47m@@[0;1;31;47mX[0;33;47m88[0;1;31;47m8[0;33;47m@@@8@[0;1;31;47m8[0;33;47m8[0;37;40m  [0m
[0;37;40m                                                            [0m
[0;37;40m                                                            [0m
[0;37;40m                                                            [0m
[0;37;40m                                                            [0m
